	Armii Krajowej - Bronowicka Junction, 2 K-31, 2 K-31a, 2 K-31b, 2 K-31c - 6

0	Armii Krajowej Zarzecze - 6008, 8006

1	Balicka - 6007, 7006

2	Armii Krajowej Conrada - 6005, 5006

3	Bronowicka - 6010, 10006


order	time	direction	bus 	personal	van	truck	truck + trailer	motorcycle	bicycle	horse and cart
0	55	1	0	2	0	0	0	0	0	0
0	55	2	2	74	10	2	0	1	0	0
0	55	3	0	11	2	0	0	0	0	0
0	56	1	3	1	1	0	0	0	0	0
0	56	2	9	155	23	5	0	0	0	0
0	56	3	0	12	2	0	0	0	0	0
0	57	1	2	2	0	0	0	0	0	0
0	57	2	8	113	24	8	1	0	0	0
0	57	3	0	5	1	3	0	0	0	0
0	58	1	2	2	2	0	0	0	0	0
0	58	2	7	123	20	4	1	0	0	0
0	58	3	0	12	2	0	0	0	0	0
0	59	1	7	6	1	0	0	0	0	0
0	59	2	8	157	24	2	0	0	1	0
0	59	3	1	11	3	1	0	0	0	0
0	60	1	1	5	0	0	0	0	0	0
0	60	2	9	171	24	3	0	0	0	0
0	60	3	0	14	1	0	0	0	0	0
0	61	1	3	3	0	0	0	0	0	0
0	61	2	4	193	18	5	0	0	0	0
0	61	3	0	12	4	0	1	0	0	0
0	62	1	3	3	0	0	0	0	0	0
0	62	2	8	190	24	3	2	0	0	0
0	62	3	0	8	1	0	0	0	0	0
0	63	1	4	4	1	1	0	0	0	0
0	63	2	10	205	30	0	0	2	0	0
0	63	3	0	16	0	0	0	0	0	0
0	64	1	2	3	1	0	0	0	0	0
0	64	2	7	150	28	1	1	2	0	0
0	64	3	0	16	1	0	0	0	0	0
0	65	1	3	5	1	0	0	0	0	0
0	65	2	7	175	25	1	0	0	0	0
0	65	3	0	15	3	0	0	0	0	0
0	66	1	1	2	0	0	0	0	0	0
0	66	2	4	165	16	2	0	1	0	0
0	66	3	0	10	1	0	0	0	0	0
1	55	1	4	33	3	0	0	0	0	0
1	55	2	6	70	8	0	0	0	0	0
1	55	3	2	3	3	0	0	0	0	0
1	56	1	4	30	5	3	0	0	0	0
1	56	2	1	80	11	4	1	0	0	0
1	56	3	1	5	2	0	0	0	0	0
1	57	1	2	47	6	1	0	0	0	0
1	57	2	1	100	11	4	0	0	1	0
1	57	3	3	6	0	0	0	0	0	0
1	58	1	3	44	6	0	0	0	0	0
1	58	2	4	80	14	1	0	0	1	0
1	58	3	2	4	0	1	0	0	0	0
1	59	1	5	50	5	0	0	0	0	0
1	59	2	6	100	9	2	0	0	0	0
1	59	3	5	4	1	0	0	0	0	0
1	60	1	5	40	2	1	0	0	0	0
1	60	2	6	110	14	0	0	2	1	0
1	60	3	2	3	0	0	0	0	0	0
1	61	1	3	50	3	3	0	0	0	0
1	61	2	3	90	8	5	0	1	1	0
1	61	3	3	3	0	1	0	0	0	0
1	62	1	4	40	4	0	0	0	0	0
1	62	2	5	80	8	0	0	0	1	0
1	62	3	2	2	1	1	0	0	0	0
1	63	1	3	40	3	1	1	0	0	0
1	63	2	2	90	11	1	1	0	0	0
1	63	3	4	7	1	0	0	0	0	0
1	64	1	5	44	5	4	0	0	0	0
1	64	2	4	100	10	2	2	0	0	0
1	64	3	5	6	0	0	0	0	0	0
1	65	1	5	43	4	1	0	0	0	0
1	65	2	3	110	8	2	0	0	0	0
1	65	3	4	2	0	0	0	0	0	0
1	66	1	3	27	4	2	0	0	0	0
1	66	2	4	70	5	2	0	0	0	0
1	66	3	3	3	0	0	0	1	0	0
2	55	1	1	30	5	2	0	0	0	0
2	55	2	1	98	11	6	2	0	0	0
2	55	3	2	25	3	1	0	0	0	0
2	56	1	0	37	10	1	0	0	0	0
2	56	2	2	199	24	3	0	0	1	0
2	56	3	3	36	4	2	0	0	0	0
2	57	1	1	30	9	1	0	0	0	0
2	57	2	4	142	21	6	6	1	0	0
2	57	3	1	30	5	0	0	0	0	0
2	58	1	0	52	10	0	0	0	0	0
2	58	2	3	162	19	1	0	0	0	0
2	58	3	6	36	6	0	0	0	0	0
2	59	1	0	31	2	0	0	0	0	0
2	59	2	2	185	15	3	0	0	1	0
2	59	3	4	20	5	1	0	0	0	0
2	60	1	1	43	8	1	0	0	0	0
2	60	2	2	149	28	6	1	0	0	0
2	60	3	2	22	8	0	0	0	0	0
2	61	1	1	67	5	0	0	0	0	0
2	61	2	3	175	25	4	0	0	1	0
2	61	3	5	33	9	2	0	0	0	0
2	62	1	2	35	5	0	0	0	0	0
2	62	2	2	164	18	4	0	2	0	0
2	62	3	6	35	5	2	0	0	0	0
2	63	1	1	55	6	3	0	0	0	0
2	63	2	7	160	18	5	1	0	0	0
2	63	3	5	28	2	0	0	0	0	0
2	64	1	0	55	4	0	0	1	1	0
2	64	2	3	160	42	0	0	0	0	0
2	64	3	2	42	3	1	0	0	0	0
2	65	1	0	50	6	0	0	0	0	0
2	65	2	2	170	25	5	0	1	1	0
2	65	3	2	34	4	0	0	0	0	0
2	66	1	1	30	6	1	0	0	0	0
2	66	2	1	174	13	0	0	1	0	0
2	66	3	2	26	4	0	0	0	0	0
3	55	1	0	13	2	0	0	0	0	0
3	55	2	0	47	7	0	0	0	0	0
3	55	3	0	70	3	2	0	0	0	0
3	56	1	0	13	4	0	0	0	0	0
3	56	2	4	61	23	1	0	0	0	0
3	56	3	0	63	5	2	0	0	0	0
3	57	1	0	1	2	0	0	0	0	0
3	57	2	4	71	11	0	0	0	0	0
3	57	3	1	43	5	1	0	0	0	0
3	58	1	0	5	0	0	0	0	0	0
3	58	2	2	107	28	2	1	1	0	0
3	58	3	1	59	9	1	1	0	0	0
3	59	1	0	11	0	0	0	0	0	0
3	59	2	5	70	12	5	0	0	3	0
3	59	3	3	56	10	2	0	0	0	0
3	60	1	0	2	3	0	0	0	0	0
3	60	2	2	53	3	0	0	0	0	0
3	60	3	1	52	5	0	0	0	0	0
3	61	1	0	9	1	0	0	0	0	0
3	61	2	4	86	9	5	0	0	0	0
3	61	3	0	64	6	3	1	0	0	0
3	62	1	0	6	1	0	0	0	2	0
3	62	2	4	91	10	1	1	0	0	0
3	62	3	0	63	3	0	0	0	0	0
3	63	1	0	9	0	0	0	0	0	0
3	63	2	3	74	12	0	0	0	0	0
3	63	3	2	72	1	0	0	0	1	0
3	64	1	0	7	0	0	0	0	0	0
3	64	2	4	88	2	0	0	0	0	0
3	64	3	0	75	6	1	1	0	3	0
3	65	1	0	4	0	0	0	0	0	0
3	65	2	3	85	9	1	0	1	2	0
3	65	3	2	55	11	2	1	1	1	0
3	66	1	0	3	1	0	0	0	0	0
3	66	2	2	93	13	0	0	2	1	0
3	66	3	0	62	8	3	0	0	1	0
