	Rondo Barei, 25 S-62, 25 S-62a - 139

0	Lublanska Mlynska - 139138, 138139

1	Dobrego Pasterza 29 Listopada - 139142, 142139

2	Strzelcow Powstancow - 139141, 141139

3	Dobrego Pasterza - 139140, 140139


order	time	direction	bus 	personal	van	truck	truck + trailer	motorcycle	bicycle	horse and cart
0	55	1	5	31	5	0	0	0	0	0
0	56	1	4	33	6	1	0	0	0	0
0	57	1	4	41	6	0	0	0	0	0
0	58	1	4	36	4	1	0	0	0	0
0	59	1	4	34	6	1	0	0	0	0																		
0	60	1	6	45	4	0	0	0	0	0																		
0	61	1	4	44	7	0	0	0	0	0																		
0	62	1	4	39	4	1	0	0	0	0																		
0	63	1	4	34	5	0	0	0	0	0																		
0	64	1	6	43	6	1	0	0	0	0																		
0	65	1	3	37	5	0	0	0	0	0																		
0	66	1	2	30	6	0	0	0	0	0																		
0	55	2	1	35	5	1	0	0	0	0																		
0	56	2	1	36	11	1	1	0	1	0																		
0	57	2	1	49	6	1	0	0	0	0																		
0	58	2	2	45	7	0	0	0	0	0																		
0	59	2	1	54	11	1	0	0	1	0																		
0	60	2	2	40	4	0	0	0	0	0																		
0	61	2	1	44	6	2	0	0	1	0																		
0	62	2	1	54	6	1	0	0	0	0																		
0	63	2	1	56	7	1	0	0	0	0																		
0	64	2	1	61	4	0	0	0	1	0																		
0	65	2	2	67	7	1	0	0	1	0																		
0	66	2	1	38	4	0	0	0	1	0																		
0	55	3	10	149	18	1	0	1	0	0																		
0	56	3	10	118	16	2	0	0	0	0																		
0	57	3	12	159	12	0	0	0	0	0																		
0	58	3	15	169	23	2	2	0	0	0																		
0	59	3	13	190	22	0	0	0	0	0																		
0	60	3	10	158	6	0	0	0	0	0																		
0	61	3	10	134	15	0	0	1	0	0																		
0	62	3	13	147	11	0	0	0	0	0																		
0	63	3	16	179	16	0	0	0	0	0																		
0	64	3	15	188	25	1	0	0	2	0																		
0	65	3	15	148	20	0	0	0	0	0																		
0	66	3	12	133	16	2	0	0	0	0																		
1	55	1	1	23	3	0	0	0	0	0																		
1	56	1	1	24	8	0	0	0	0	0																		
1	57	1	0	33	4	0	0	0	0	0																		
1	58	1	2	30	5	0	0	0	0	0																		
1	59	1	1	36	7	0	0	0	0	0																		
1	60	1	2	27	2	0	0	0	0	0																		
1	61	1	1	29	4	1	0	0	0	0																		
1	62	1	1	36	4	0	0	0	0	0																		
1	63	1	1	37	5	0	0	0	0	0																		
1	64	1	1	40	2	0	0	0	0	0																		
1	65	1	2	44	4	0	0	0	0	0																		
1	66	1	1	25	2	0	0	0	1	0																		
1	55	2	7	68	9	2	0	1	0	0																		
1	56	2	6	39	6	1	1	0	0	0																		
1	57	2	4	44	12	1	0	0	0	0																		
1	58	2	9	48	6	1	1	0	0	0																		
1	59	2	5	44	13	1	0	0	0	0																		
1	60	2	6	46	10	2	0	0	0	0																		
1	61	2	6	67	8	0	0	0	0	0																		
1	62	2	5	50	7	2	0	1	0	0																		
1	63	2	4	59	7	1	0	0	0	0																		
1	64	2	5	49	5	1	0	0	0	0																		
1	65	2	5	50	4	1	0	0	0	0																		
1	66	2	6	46	4	0	0	1	0	0																		
1	55	3	1	47	7	0	0	0	0	0																		
1	56	3	1	45	7	0	0	0	0	0																		
1	57	3	1	50	9	0	0	0	0	0																		
1	58	3	1	59	8	0	0	0	1	0																		
1	59	3	1	49	6	0	0	1	1	0																		
1	60	3	1	50	9	0	0	0	0	0																		
1	61	3	1	69	11	0	0	0	3	0																		
1	62	3	1	42	6	0	0	0	0	0																		
1	63	3	1	53	14	0	0	0	0	0
1	64	3	1	52	9	0	0	0	0	0
1	65	3	1	87	6	0	0	0	0	0
1	66	3	1	54	8	0	0	0	1	0
2	55	1	4	45	6	1	0	0	0	0
2	56	1	4	26	4	0	0	0	0	0
2	57	1	3	30	8	1	0	0	0	0
2	58	1	6	32	4	1	1	0	0	0
2	59	1	3	30	9	0	0	0	0	0
2	60	1	4	31	6	1	0	0	0	0
2	61	1	4	44	6	0	0	0	0	0
2	62	1	4	34	4	2	0	0	0	0
2	63	1	3	39	4	1	0	0	0	0
2	64	1	3	33	3	0	0	0	0	0
2	65	1	3	34	3	0	0	0	0	0
2	66	1	4	31	3	0	0	0	0	0
2	55	2	2	60	9	1	0	1	0	0																		
2	56	2	1	49	11	0	0	0	0	0																		
2	57	2	2	58	4	1	0	0	0	0																		
2	58	2	1	69	8	0	0	0	0	0																		
2	59	2	2	66	11	0	0	0	0	0																		
2	60	2	2	66	8	0	0	0	0	0																		
2	61	2	2	72	13	0	0	1	0	0																		
2	62	2	2	69	10	0	0	0	0	0																		
2	63	2	2	66	7	0	0	0	0	0																		
2	64	2	2	47	10	0	0	1	0	0																		
2	65	2	2	69	6	0	0	0	0	0																		
2	66	2	2	54	4	0	0	1	0	0																		
2	55	3	3	79	11	2	1	1	0	0																		
2	56	3	2	62	9	0	1	0	0	0																		
2	57	3	2	63	7	2	1	0	0	0																		
2	58	3	3	61	10	3	1	0	0	0																		
2	59	3	1	75	5	1	0	0	0	0
2	60	3	3	62	6	0	0	0	1	0
2	61	3	1	63	8	1	1	0	0	0
2	62	3	3	55	11	1	0	0	0	0
2	63	3	3	91	12	1	0	0	2	0
2	64	3	2	48	3	2	1	0	1	0
2	65	3	3	81	4	2	0	0	0	0
2	66	3	1	32	6	2	0	0	0	0
3	55	1	1	40	6	0	0	0	0	0
3	56	1	1	32	8	0	0	0	0	0
3	57	1	2	38	3	0	0	0	0	0
3	58	1	1	46	5	0	0	0	0	0
3	59	1	1	44	7	0	0	0	0	0
3	60	1	1	44	6	0	0	0	0	0
3	61	1	1	48	9	0	0	0	0	0
3	62	1	1	46	6	0	0	0	0	0
3	63	1	1	44	5	0	0	0	0	0																		
3	64	1	1	32	6	0	0	0	0	0																		
3	65	1	1	46	4	0	0	0	0	0																		
3	66	1	1	36	2	0	0	0	0	0																		
3	55	2	7	47	7	0	0	0	0	0																		
3	56	2	7	50	8	1	0	0	0	0																		
3	57	2	6	61	8	0	0	0	0	0																		
3	58	2	7	54	7	2	0	0	0	0																		
3	59	2	7	51	9	1	0	1	0	0																		
3	60	2	10	68	6	1	0	0	0	0																		
3	61	2	5	66	11	1	0	0	0	0																		
3	62	2	7	59	7	1	0	0	0	0																		
3	63	2	6	51	7	0	0	0	0	0																		
3	64	2	9	65	8	1	0	0	0	0																		
3	65	2	5	56	7	0	0	0	0	0																		
3	66	2	4	44	8	0	0	0	0	0																		
3	55	3	8	92	18	0	0	0	0	0
3	56	3	10	86	13	1	0	0	0	0
3	57	3	10	87	8	1	0	0	1	0
3	58	3	10	101	15	1	0	0	2	0
3	59	3	9	89	16	2	0	0	1	0
3	60	3	11	113	12	1	0	0	2	0
3	61	3	10	93	6	2	0	0	2	0
3	62	3	9	99	27	1	0	0	2	0
3	63	3	11	106	14	2	0	0	2	0
3	64	3	11	110	8	2	0	0	1	0
3	65	3	10	114	10	0	0	0	1	0
3	66	3	12	102	17	0	0	0	3	0
