	Central Square Junction, 41 H-1, 41 H-1a, 41 H-1b, 41 H-1b - 169

0	Jana Pawla II Pokoju - 169153, 153169

1	Andersa - 169168, 168169

2	Solidarnosci - 169171, 171169

3	Jana Pawla II Centralny - 169170, 170169


order	time	direction	bus 	personal	van	truck	truck + trailer	motorcycle	bicycle	horse and cart
0	55	1	1	18	2	0	0	0	0	0
0	55	2	1	41	5	0	0	0	1	0
0	55	3	1	170	25	6	3	0	0	0
0	56	1	1	19	2	0	0	0	0	0
0	56	2	1	43	5	1	0	1	0	0
0	56	3	4	148	18	2	11	1	0	0
0	57	1	2	24	1	0	0	0	0	0
0	57	2	4	55	3	1	0	0	0	0
0	57	3	3	185	27	10	5	2	0	0
0	58	1	0	17	2	1	0	0	0	0
0	58	2	1	39	4	1	0	0	0	0
0	58	3	3	136	20	6	2	0	2	0
0	59	1	1	14	1	0	0	0	0	0
0	59	2	2	34	3	0	1	0	0	0
0	59	3	4	170	24	2	3	0	0	0
0	60	1	2	18	1	0	0	0	0	0
0	60	2	4	43	3	0	0	0	0	0
0	60	3	2	181	21	7	5	0	1	0
0	61	1	1	22	1	0	0	0	0	0
0	61	2	2	52	2	1	0	0	0	0
0	61	3	6	190	26	4	2	1	1	0
0	62	1	1	18	1	0	0	0	0	0
0	62	2	3	42	3	0	0	0	0	0
0	62	3	5	188	29	6	5	1	1	0
0	63	1	1	23	2	1	0	0	0	0
0	63	2	2	53	4	1	0	0	0	0
0	63	3	3	192	16	9	4	1	0	0
0	64	1	1	22	2	1	0	0	0	0
0	64	2	3	50	4	2	0	0	0	0
0	64	3	5	199	16	2	5	1	0	0
0	65	1	2	17	6	0	0	1	0	0
0	65	2	4	41	15	0	0	1	0	0
0	65	3	3	220	32	4	5	0	2	0
0	66	1	1	26	2	0	0	0	0	0
0	66	2	3	60	4	1	1	1	1	0
0	66	3	1	205	16	7	4	0	0	0
1	55	1	1	83	7	0	1	0	0	0
1	55	2	1	41	4	0	0	0	0	0
1	55	3	1	18	2	0	0	0	0	0
1	56	1	2	70	3	0	2	0	0	0
1	56	2	1	42	6	1	1	0	0	0
1	56	3	0	18	2	0	0	0	0	0
1	57	1	2	54	14	3	0	1	0	0
1	57	2	1	60	7	1	0	0	0	0
1	57	3	1	26	3	0	0	0	0	0
1	58	1	5	68	4	3	0	0	0	0
1	58	2	2	46	4	0	0	1	1	0
1	58	3	1	20	2	0	0	0	0	0
1	59	1	6	57	12	2	0	0	1	0
1	59	2	4	57	9	4	0	0	0	0
1	59	3	2	24	4	2	0	0	0	0
1	60	1	1	44	1	0	0	0	0	0
1	60	2	1	48	0	0	1	0	0	0
1	60	3	1	21	0	0	0	0	0	0
1	61	1	2	60	8	2	1	1	0	0
1	61	2	2	57	6	0	0	1	0	0
1	61	3	1	25	3	0	0	0	0	0
1	62	1	4	64	4	5	1	0	0	0
1	62	2	1	45	3	1	0	0	0	0
1	62	3	0	19	1	0	0	0	0	0
1	63	1	4	68	5	3	1	2	0	0
1	63	2	1	55	6	1	0	0	0	0
1	63	3	1	24	3	1	0	0	0	0
1	64	1	3	75	4	1	3	1	0	0
1	64	2	1	53	4	1	0	0	1	0
1	64	3	1	23	2	1	0	0	0	0
1	65	1	3	77	5	0	0	0	0	0
1	65	2	1	34	6	1	0	0	0	0
1	65	3	0	15	2	0	0	0	0	0
1	66	1	2	75	6	1	1	0	0	0
1	66	2	0	53	1	1	2	0	1	0
1	66	3	0	23	0	0	1	0	0	0
2	55	1	1	46	7	0	0	0	0	0
2	55	2	3	50	4	4	0	0	0	0
2	55	3	1	21	2	2	0	0	0	0
2	56	1	3	63	10	1	1	0	0	0
2	56	2	1	61	4	1	1	0	0	0
2	56	3	0	26	2	0	0	0	0	0
2	57	1	2	86	10	3	0	1	1	0
2	57	2	3	57	4	1	1	0	1	0
2	57	3	1	24	2	0	1	0	1	0
2	58	1	6	60	8	0	0	0	2	0
2	58	2	2	71	4	2	0	0	1	0
2	58	3	1	31	2	1	0	0	0	0
2	59	1	3	66	4	2	0	0	0	0
2	59	2	2	50	6	0	1	2	1	0
2	59	3	1	21	3	0	0	1	0	0
2	60	1	4	73	2	2	0	0	1	0
2	60	2	3	60	0	2	0	0	0	0
2	60	3	1	26	0	1	0	0	0	0
2	61	1	2	74	2	2	1	0	0	0
2	61	2	1	42	2	1	0	0	1	0
2	61	3	1	18	1	0	0	0	0	0
2	62	1	4	89	2	0	0	0	1	0
2	62	2	0	53	3	1	1	0	1	0
2	62	3	0	23	1	0	0	0	0	0
2	63	1	3	78	10	1	3	0	0	0
2	63	2	1	47	4	1	1	0	0	0
2	63	3	1	20	2	1	0	0	0	0
2	64	1	3	80	4	2	2	1	1	0
2	64	2	1	48	7	1	0	0	1	0
2	64	3	1	20	3	0	0	0	0	0
2	65	1	4	76	9	0	0	0	1	0
2	65	2	2	50	3	0	0	0	1	0
2	65	3	1	21	1	0	0	0	0	0
2	66	1	3	78	2	5	4	1	1	0
2	66	2	1	49	2	0	0	0	0	0
2	66	3	1	21	1	0	0	0	0	0
3	55	1	3	196	6	26	0	1	0	0
3	55	2	0	28	1	8	0	1	0	0
3	55	3	0	12	1	4	0	0	0	0
3	56	1	3	93	12	8	1	0	0	0
3	56	2	0	18	2	0	1	0	1	0
3	56	3	0	8	1	0	0	0	0	0
3	57	1	6	181	11	25	1	0	0	0
3	57	2	0	55	4	0	1	0	0	0
3	57	3	0	24	2	0	1	0	0	0
3	58	1	4	159	4	6	0	0	1	0
3	58	2	1	50	6	4	1	0	0	0
3	58	3	0	22	2	2	0	0	0	0
3	59	1	2	70	12	13	0	1	0	0
3	59	2	1	46	4	0	0	0	1	0
3	59	3	1	20	2	0	0	0	0	0
3	60	1	2	142	13	9	2	0	0	0
3	60	2	1	42	4	1	0	0	0	0
3	60	3	0	18	2	0	0	0	0	0
3	61	1	2	150	14	16	0	0	0	0
3	61	2	0	49	4	1	0	0	0	0
3	61	3	0	21	2	0	0	0	0	0
3	62	1	6	182	17	22	3	0	0	0
3	62	2	2	56	4	3	0	0	0	0
3	62	3	1	24	2	1	0	0	0	0
3	63	1	1	142	3	8	0	0	0	0
3	63	2	0	30	1	1	0	0	0	0
3	63	3	0	13	1	0	0	0	0	0
3	64	1	2	140	9	14	0	0	0	0
3	64	2	0	34	1	0	0	0	0	0
3	64	3	0	14	1	0	0	0	0	0
3	65	1	1	117	11	17	0	0	0	0
3	65	2	0	39	4	1	0	0	0	0
3	65	3	0	17	2	1	0	0	0	0
3	66	1	2	113	8	9	0	0	0	0
3	66	2	1	37	3	1	0	0	0	0
3	66	3	1	16	1	1	0	0	0	0
