	"Dabrowskiej - Medweckiego Junction, H6-04.INT - 154"									

0	"Dabrowskiej Jana Pawla II - 154152, 152154"									

1	"Medweckiego - 154151, 151154"									

2	"Dabrowskiej - 154166, 166154"									

3	"Medweckiego Bienczycka - 154155, 155154"									


order	time	direction	bus 	personal	van	truck	truck + trailer	motorcycle	bicycle	horse and cart
0	55	1	0	6	2	0	0	0	0	0
0	55	2	0	33	5	0	0	0	0	0
0	55	3	2	6	0	1	0	0	0	0
0	56	1	0	12	1	0	0	0	0	0
0	56	2	0	29	4	0	0	0	0	0
0	56	3	0	2	1	0	0	0	0	0
0	57	1	0	6	0	0	0	0	0	0
0	57	2	0	37	4	2	0	0	1	0
0	57	3	0	3	1	0	0	0	0	0
0	58	1	0	15	0	0	0	0	0	0
0	58	2	0	61	4	2	0	0	0	0
0	58	3	1	2	0	0	0	0	0	0
0	59	1	0	16	2	1	0	0	0	0
0	59	2	0	75	8	1	0	0	1	0
0	59	3	0	3	4	0	0	0	2	0
0	60	1	0	18	0	0	0	0	0	0
0	60	2	0	60	2	0	0	0	0	0
0	60	3	0	8	0	0	0	0	0	0
0	61	1	0	18	0	0	0	0	0	0
0	61	2	1	75	2	1	0	0	1	0
0	61	3	0	8	4	0	0	0	0	0
0	62	1	0	23	4	0	2	0	0	0
0	62	2	0	101	13	3	0	0	0	0
0	62	3	2	15	4	0	0	0	0	0
0	63	1	0	9	3	0	0	0	0	0
0	63	2	0	36	2	0	0	0	0	0
0	63	3	0	4	0	0	0	0	0	0
0	64	1	0	7	3	0	0	0	0	0
0	64	2	0	38	3	4	0	0	0	0
0	64	3	0	4	1	0	0	0	0	0
0	65	1	0	9	1	0	0	0	0	0
0	65	2	0	43	2	0	0	0	0	0
0	65	3	0	6	2	0	0	0	0	0
0	66	1	0	9	1	0	1	0	0	0
0	66	2	0	46	6	0	0	0	2	0
0	66	3	0	6	0	0	0	0	0	0
1	55	1	1	41	1	0	0	0	0	0
1	55	2	1	14	0	0	0	0	0	0
1	55	3	0	7	0	0	0	0	0	0
1	56	1	2	31	1	0	0	0	1	0
1	56	2	1	24	0	0	0	1	0	0
1	56	3	0	4	0	0	0	0	0	0
1	57	1	1	32	0	0	0	0	0	0
1	57	2	1	13	1	1	0	0	0	0
1	57	3	0	4	0	0	0	0	0	0
1	58	1	1	37	1	1	0	0	0	0
1	58	2	2	15	0	0	0	0	0	0
1	58	3	0	4	0	0	0	0	0	0
1	59	1	1	29	0	0	0	0	0	0
1	59	2	1	18	0	0	0	0	0	0
1	59	3	0	3	0	0	0	0	0	0
1	60	1	2	26	0	0	0	0	0	0
1	60	2	2	18	0	0	0	0	0	0
1	60	3	0	6	0	0	0	0	0	0
1	61	1	1	30	0	0	0	0	0	0
1	61	2	2	10	0	0	0	0	0	0
1	61	3	0	6	0	0	0	0	0	0
1	62	1	1	24	0	0	0	0	0	0
1	62	2	1	11	0	0	0	0	0	0
1	62	3	0	7	0	0	0	0	0	0
1	63	1	2	31	1	1	0	0	0	0
1	63	2	1	10	1	0	0	0	1	0
1	63	3	0	2	2	0	0	0	0	0
1	64	1	1	28	0	0	0	0	0	0
1	64	2	1	18	2	0	0	0	0	0
1	64	3	0	6	0	0	0	0	0	0
1	65	1	1	18	0	0	0	0	0	0
1	65	2	2	13	0	0	0	0	0	0
1	65	3	0	5	0	0	0	0	0	0
1	66	1	1	30	0	0	0	0	0	0
1	66	2	1	15	0	0	0	0	0	0
1	66	3	0	5	0	0	0	0	0	0
2	55	1	1	19	3	0	0	0	0	0
2	55	2	0	34	2	0	0	0	0	0
2	55	3	1	10	0	0	0	0	0	0
2	56	1	0	30	8	0	0	0	0	0
2	56	2	0	26	1	0	0	0	0	0
2	56	3	2	11	2	0	0	0	0	0
2	57	1	1	23	2	0	1	0	0	0
2	57	2	0	37	1	0	0	0	1	0
2	57	3	2	11	1	0	0	1	0	0
2	58	1	0	21	4	1	0	0	0	0
2	58	2	0	36	2	0	0	0	0	0
2	58	3	2	14	2	0	0	0	0	0
2	59	1	1	22	2	0	0	0	0	0
2	59	2	0	42	1	0	0	0	1	0
2	59	3	2	11	1	0	0	0	0	0
2	60	1	1	32	1	0	0	0	0	0
2	60	2	0	27	2	0	0	0	1	0
2	60	3	1	11	1	0	0	0	1	0
2	61	1	2	27	3	1	0	0	1	0
2	61	2	0	35	4	0	0	0	0	0
2	61	3	2	12	2	0	0	1	0	0
2	62	1	2	23	1	0	0	0	0	0
2	62	2	0	43	2	0	0	0	0	0
2	62	3	2	10	0	0	0	0	1	0
2	63	1	1	32	2	1	0	0	2	0
2	63	2	0	38	0	0	0	0	1	0
2	63	3	1	10	3	0	0	0	0	0
2	64	1	1	26	3	0	0	0	0	0
2	64	2	0	44	2	0	0	0	1	0
2	64	3	1	10	1	0	0	0	0	0
2	65	1	0	23	1	0	0	0	0	0
2	65	2	0	32	1	0	0	0	0	0
2	65	3	2	16	0	1	0	0	1	0
2	66	1	2	32	0	0	0	0	0	0
2	66	2	0	43	2	0	0	0	0	0
2	66	3	2	12	1	2	0	0	1	0
3	55	1	0	20	0	0	0	0	0	0
3	55	2	1	6	0	0	0	0	0	0
3	55	3	1	16	1	0	0	0	0	0
3	56	1	1	10	0	0	0	0	0	0
3	56	2	5	6	0	0	0	0	0	0
3	56	3	0	11	0	0	0	0	0	0
3	57	1	0	10	0	1	0	0	0	0
3	57	2	0	10	1	0	0	1	0	0
3	57	3	1	12	3	0	0	0	1	0
3	58	1	0	12	2	0	0	0	0	0
3	58	2	2	12	0	0	0	0	0	0
3	58	3	2	14	1	2	0	0	0	0
3	59	1	1	18	1	0	0	0	0	0
3	59	2	1	15	0	0	0	0	3	0
3	59	3	0	16	2	0	0	0	1	0
3	60	1	1	15	0	1	0	0	0	0
3	60	2	2	11	0	0	0	0	0	0
3	60	3	0	12	0	3	0	0	0	0
3	61	1	1	16	0	0	0	0	0	0
3	61	2	2	20	0	0	0	0	0	0
3	61	3	0	1	11	1	0	0	1	0
3	62	1	1	11	0	0	0	0	0	0
3	62	2	2	8	0	0	0	0	0	0
3	62	3	0	10	0	2	0	0	0	0
3	63	1	0	14	0	0	0	0	0	0
3	63	2	1	12	0	0	0	0	0	0
3	63	3	0	12	0	1	0	0	0	0
3	64	1	0	8	0	0	0	0	0	0
3	64	2	1	8	0	0	0	0	0	0
3	64	3	0	5	0	1	0	0	0	0
3	65	1	1	7	1	0	0	0	0	0
3	65	2	1	5	2	0	0	0	0	0
3	65	3	2	7	0	0	0	0	0	0
3	66	1	1	10	1	0	0	0	0	0
3	66	2	1	7	0	0	0	0	2	0
3	66	3	0	6	0	0	0	0	0	0
