	Kapelanka - Kobierzynska Junction, 17 P-34 - 55

0	Kapelanka Brozka - 55058, 58055

1	Kobierzynska Rostworowskiego - 55057, 57055

2	Kapelanka Slomiana - 55054, 54055

3	Kobierzynska - 55056, 56055


order	time	direction	bus 	personal	van	truck	truck + trailer	motorcycle	bicycle	horse and cart
0	55	1	0	11	3	3	0	0	0	0
0	55	2	4	53	6	3	0	0	0	0
0	55	3	0	0	1	0	0	0	0	0
0	56	1	0	22	4	1	0	0	0	0
0	56	2	4	80	15	0	0	2	0	0
0	56	3	0	5	0	0	0	0	0	0
0	57	1	1	22	4	0	0	0	0	0
0	57	2	4	97	8	1	0	0	0	0
0	57	3	0	8	0	0	0	0	0	0
0	58	1	0	23	3	0	0	0	0	0
0	58	2	5	116	12	3	1	0	0	0
0	58	3	0	1	0	0	0	0	0	0
0	59	1	0	21	0	0	0	0	0	0
0	59	2	5	106	14	2	0	0	0	0
0	59	3	0	4	0	0	0	0	0	0
0	60	1	0	22	0	0	0	0	0	0
0	60	2	5	72	5	2	0	0	0	0
0	60	3	0	0	1	0	0	0	0	0
0	61	1	0	31	0	2	0	0	0	0
0	61	2	4	91	13	0	1	0	0	0
0	61	3	0	3	0	0	0	0	0	0
0	62	1	0	22	2	2	0	0	0	0
0	62	2	6	91	11	2	1	0	0	0
0	62	3	0	2	0	0	0	0	0	0
0	63	1	0	27	4	1	0	0	0	0
0	63	2	5	77	10	0	2	0	0	0
0	63	3	0	3	1	0	0	0	0	0
0	64	1	0	32	2	0	0	0	0	0
0	64	2	6	99	9	1	1	1	0	0
0	64	3	0	0	1	0	0	0	0	0
0	65	1	0	37	1	2	0	0	0	0
0	65	2	6	102	8	2	0	0	0	0
0	65	3	0	4	1	0	0	0	0	0
0	66	1	1	32	2	1	1	0	0	0
0	66	2	7	112	11	5	0	1	0	0
0	66	3	0	1	0	0	0	0	0	0
1	55	1	5	146	10	2	0	0	0	0
1	55	2	0	29	1	0	0	0	1	0
1	55	3	0	8	2	1	0	0	0	0
1	56	1	6	130	15	0	0	1	1	0
1	56	2	0	23	1	0	0	1	0	0
1	56	3	0	11	3	0	0	0	0	0
1	57	1	3	104	19	2	1	0	0	0
1	57	2	0	18	1	0	0	0	0	0
1	57	3	0	5	1	1	0	0	0	0
1	58	1	1	118	7	2	0	0	0	0
1	58	2	0	16	1	0	0	0	0	0
1	58	3	0	8	2	0	0	0	0	0
1	59	1	4	157	11	0	0	0	0	0
1	59	2	0	20	0	0	0	0	0	0
1	59	3	0	7	1	0	0	0	0	0
1	60	1	8	171	10	0	0	0	0	0
1	60	2	0	16	2	0	0	0	1	0
1	60	3	0	8	0	0	0	0	0	0
1	61	1	7	168	4	0	0	0	1	0
1	61	2	0	18	2	0	0	0	1	0
1	61	3	0	8	2	0	0	0	0	0
1	62	1	3	152	15	1	0	0	0	0
1	62	2	0	20	1	0	0	0	0	0
1	62	3	0	5	2	0	0	0	0	0
1	63	1	10	149	8	0	0	0	0	0
1	63	2	0	20	3	0	0	1	0	0
1	63	3	0	5	1	0	0	0	0	0
1	64	1	5	182	17	1	0	1	0	0
1	64	2	0	22	1	0	0	0	1	0
1	64	3	0	7	0	2	0	0	0	0
1	65	1	7	155	6	1	0	0	0	0
1	65	2	0	22	4	0	0	0	1	0
1	65	3	0	6	2	0	0	0	0	0
1	66	1	6	153	14	1	0	0	0	0
1	66	2	0	23	2	0	0	1	0	0
1	66	3	0	8	1	0	0	0	0	0
2	55	1	0	12	3	0	0	0	0	0
2	55	2	1	202	10	0	0	0	0	0
2	55	3	0	129	8	1	0	1	0	0
2	56	1	0	12	3	0	0	0	0	0
2	56	2	3	172	7	0	0	0	0	0
2	56	3	1	132	11	0	1	0	1	0
2	57	1	0	8	0	0	0	0	0	0
2	57	2	8	167	4	2	0	0	0	0
2	57	3	1	149	9	0	2	0	0	0
2	58	1	0	10	3	0	0	0	0	0
2	58	2	4	189	8	3	0	0	0	0
2	58	3	0	138	9	0	2	0	0	0
2	59	1	0	3	4	0	0	0	0	0
2	59	2	6	161	10	0	1	0	0	0
2	59	3	1	140	16	0	0	0	0	0
2	60	1	0	7	1	0	0	0	0	0
2	60	2	5	158	7	0	1	0	0	0
2	60	3	0	175	12	3	0	0	0	0
2	61	1	0	5	3	0	0	0	0	0
2	61	2	6	163	8	4	0	0	1	0
2	61	3	0	172	11	1	0	0	0	0
2	62	1	0	5	0	0	0	0	0	0
2	62	2	5	197	8	1	1	0	0	0
2	62	3	0	171	11	0	0	0	2	0
2	63	1	0	8	2	0	0	0	0	0
2	63	2	4	208	6	0	3	1	0	0
2	63	3	1	197	13	0	3	1	0	0
2	64	1	0	10	3	0	0	0	0	0
2	64	2	6	168	10	0	2	1	0	0
2	64	3	0	137	12	0	2	0	0	0
2	65	1	0	7	3	0	0	0	0	0
2	65	2	5	180	5	2	3	0	0	0
2	65	3	1	122	12	1	0	0	1	0
2	66	1	0	10	2	0	0	0	0	0
2	66	2	7	158	10	1	5	0	0	0
2	66	3	0	114	6	2	0	1	0	0
3	55	1	0	0	2	0	0	0	0	0
3	55	2	0	38	3	0	0	1	0	0
3	55	3	0	21	0	0	0	0	0	0
3	56	1	0	5	0	0	0	0	0	0
3	56	2	0	28	4	0	0	0	0	0
3	56	3	0	18	5	0	0	0	0	0
3	57	1	0	7	0	0	0	0	0	0
3	57	2	0	46	6	0	0	0	0	0
3	57	3	0	13	5	0	0	0	0	0
3	58	1	0	7	0	0	0	0	0	0
3	58	2	0	51	5	0	0	0	0	0
3	58	3	0	18	1	0	0	0	0	0
3	59	1	0	8	0	0	0	0	0	0
3	59	2	0	39	2	0	0	1	0	0
3	59	3	0	18	3	0	0	0	0	0
3	60	1	0	12	0	0	0	0	0	0
3	60	2	0	49	0	0	0	0	0	0
3	60	3	0	13	6	0	0	0	0	0
3	61	1	0	8	1	0	0	0	0	0
3	61	2	0	41	3	0	0	0	0	0
3	61	3	0	13	2	0	0	0	1	0
3	62	1	0	9	0	0	0	0	0	0
3	62	2	0	68	6	0	0	1	0	0
3	62	3	0	10	0	0	0	0	0	0
3	63	1	0	6	1	0	0	0	1	0
3	63	2	0	47	3	0	0	1	0	0
3	63	3	0	12	1	0	0	0	0	0
3	64	1	0	11	0	0	0	0	0	0
3	64	2	0	54	3	1	0	1	1	0
3	64	3	0	14	0	0	0	0	0	0
3	65	1	0	12	0	1	0	0	0	0
3	65	2	0	47	6	0	0	0	0	0
3	65	3	0	18	0	0	0	0	0	0
3	66	1	0	6	3	0	0	0	0	0
3	66	2	0	52	3	0	1	0	0	0
3	66	3	0	12	1	0	0	0	0	0
