	Krasinskiego - Kosciuszki Junction, 12 K-1 - 41									

0	Debnicki Most - 41081, 81041									

1	Kosciuszki - 41047, 47041									

2	Krasinskiego - 41040, 40041									

3	Zwierzyniecka - 41042, 42041									


order	time	direction	bus 	personal	van	truck	truck + trailer	motorcycle	bicycle	horse and cart
0	55	1	2	32	3	1	0	0	0	0
0	56	1	2	34	4	0	0	0	0	0
0	57	1	2	31	4	1	0	0	0	0
0	58	1	2	30	4	0	0	0	0	0
0	59	1	2	40	4	1	0	0	0	0
0	60	1	2	33	3	0	0	0	0	0
0	61	1	2	31	4	0	0	0	0	0
0	62	1	2	31	3	0	0	0	0	0
0	63	1	2	35	3	1	0	0	0	0
0	64	1	2	33	3	1	0	0	0	0
0	65	1	2	34	3	0	0	0	0	0
0	66	1	2	29	3	0	0	0	0	0
0	55	2	22	291	29	10	1	0	0	0
0	56	2	19	304	37	4	3	1	0	0
0	57	2	14	279	32	5	1	0	0	0
0	58	2	14	267	33	3	1	0	0	0
0	59	2	20	360	40	5	0	0	0	0
0	60	2	18	293	31	4	1	0	0	0
0	61	2	18	277	32	4	0	0	0	0
0	62	2	21	278	26	3	0	0	0	0
0	63	2	14	319	28	5	1	0	0	0
0	64	2	15	293	26	5	0	0	0	0
0	65	2	14	308	28	4	0	0	0	0
0	66	2	15	265	24	2	1	0	1	0
0	55	3	0	15	4	2	0	0	0	0
0	56	3	0	16	5	0	0	0	0	0
0	57	3	1	18	5	0	0	1	0	0
0	58	3	1	23	3	0	0	0	0	0
0	59	3	2	21	0	0	0	0	0	0
0	60	3	2	10	3	0	0	0	0	0
0	61	3	0	12	3	0	0	0	0	0
0	62	3	0	23	7	0	0	1	0	0
0	63	3	0	12	2	1	0	0	0	0
0	64	3	0	11	6	1	0	0	0	0
0	65	3	0	13	4	1	0	0	0	0
0	66	3	0	12	5	2	0	0	0	0
1	55	1	0	7	1	0	0	0	0	0
1	56	1	0	4	1	0	0	0	0	0
1	57	1	0	5	0	0	0	0	1	0
1	58	1	0	4	1	0	0	0	0	0
1	59	1	0	3	0	0	0	0	0	0
1	60	1	0	4	1	0	0	0	0	0
1	61	1	0	6	1	0	0	0	0	0
1	62	1	0	4	1	0	0	0	0	0
1	63	1	0	5	1	0	0	0	0	0
1	64	1	0	6	1	0	0	0	0	0
1	65	1	0	4	0	0	0	0	0	0
1	66	1	0	0	0	0	0	0	0	0
1	55	2	0	59	5	0	0	0	1	0
1	56	2	2	38	7	1	0	0	0	0
1	57	2	1	44	3	0	0	0	5	0
1	58	2	0	38	10	0	0	0	0	0
1	59	2	0	31	4	0	0	0	3	0
1	60	2	0	37	12	0	0	0	1	0
1	61	2	1	53	7	0	0	0	3	0
1	62	2	0	36	5	0	0	0	3	0
1	63	2	1	46	6	0	0	0	2	0
1	64	2	0	55	7	0	0	0	1	0
1	65	2	1	36	0	0	0	2	1	0
1	66	2	0	0	0	0	0	0	0	0
1	55	3	0	61	6	0	0	0	0	0
1	56	3	0	45	12	0	0	0	0	0
1	57	3	0	63	20	0	0	0	0	0
1	58	3	0	65	19	0	0	0	0	0
1	59	3	2	58	5	0	0	0	0	0
1	60	3	0	71	12	0	0	0	0	0
1	61	3	1	69	9	0	0	0	0	0
1	62	3	0	70	15	0	0	0	1	0
1	63	3	2	95	12	0	0	0	0	0
1	64	3	1	73	0	0	0	0	0	0
1	65	3	1	93	12	0	0	1	0	0
1	66	3	2	81	8	0	0	0	0	0
2	55	1	0	14	1	0	0	0	0	0
2	56	1	0	16	1	0	0	0	0	0
2	57	1	0	20	3	0	0	0	0	0
2	58	1	0	18	3	0	0	0	0	0
2	59	1	0	17	3	0	0	0	0	0
2	60	1	0	17	1	0	0	0	0	0
2	61	1	0	18	1	0	0	0	0	0
2	62	1	0	13	0	0	0	1	0	0
2	63	1	0	17	2	0	0	0	0	0
2	64	1	0	16	2	0	0	2	0	0
2	65	1	0	14	3	0	0	0	0	0
2	66	1	0	20	3	0	0	0	0	0
2	55	2	25	359	27	12	0	0	1	0
2	56	2	18	377	34	7	2	0	1	0
2	57	2	23	482	28	4	2	0	0	0
2	58	2	30	504	35	9	4	0	0	0
2	59	2	29	512	26	5	2	0	1	0
2	60	2	29	566	35	8	0	1	0	0
2	61	2	29	581	31	7	3	1	0	0
2	62	2	24	578	24	7	1	0	1	0
2	63	2	27	511	17	5	3	0	0	0
2	64	2	25	570	21	3	2	1	0	0
2	65	2	25	639	23	5	1	1	1	0
2	66	2	29	520	17	3	1	0	1	0
2	55	3	3	21	3	0	0	0	0	0
2	56	3	2	17	1	0	0	0	0	0
2	57	3	4	22	6	1	0	0	0	0
2	58	3	3	21	5	0	0	0	1	0
2	59	3	3	22	7	0	0	0	0	0
2	60	3	1	27	1	1	0	0	0	0
2	61	3	1	33	4	0	0	0	0	0
2	62	3	3	27	3	0	0	0	0	0
2	63	3	4	29	5	0	0	0	0	0
2	64	3	3	33	7	1	0	0	0	0
2	65	3	3	30	4	0	0	0	0	0
2	66	3	2	32	7	2	0	0	0	0
3	55	1	0	9	2	0	0	0	0	0
3	56	1	0	6	1	0	0	0	0	0
3	57	1	1	8	1	0	0	0	0	0
3	58	1	0	7	1	0	0	0	0	0
3	59	1	0	7	1	0	0	0	0	0
3	60	1	0	7	0	0	0	0	0	0
3	61	1	0	10	1	0	0	0	0	0
3	62	1	1	8	1	0	0	0	0	0
3	63	1	0	8	1	0	0	0	0	0
3	64	1	0	10	0	0	0	0	0	0
3	65	1	0	7	0	0	0	0	0	0
3	66	1	0	9	0	0	0	0	0	0
3	55	2	0	97	15	0	0	1	1	0
3	56	2	0	70	10	0	0	0	3	0
3	57	2	1	68	12	0	0	0	3	0
3	58	2	3	60	6	0	0	0	1	0
3	59	2	0	77	14	0	0	1	2	0
3	60	2	1	73	11	0	0	0	1	0
3	61	2	2	85	8	0	0	0	0	0
3	62	2	0	82	8	0	0	1	1	0
3	63	2	1	99	6	0	0	2	0	0
3	64	2	0	95	8	0	0	1	2	0
3	65	2	2	69	12	0	0	1	3	0
3	66	2	0	80	13	0	0	0	2	0
3	55	3	2	85	18	1	0	0	0	0
3	56	3	2	50	6	0	0	0	0	0
3	57	3	6	68	8	3	0	0	1	0
3	58	3	1	66	8	1	0	0	0	0
3	59	3	3	67	6	0	0	0	0	0
3	60	3	3	67	4	0	0	1	0	0
3	61	3	2	86	7	0	0	0	0	0
3	62	3	5	74	11	0	0	0	0	0
3	63	3	1	69	9	0	0	2	0	0
3	64	3	0	86	4	1	0	0	0	0
3	65	3	3	64	3	0	0	0	0	0
3	66	3	4	79	4	0	0	1	0	0
