Nawrotka Monte Cassino, H42A-04.INT

Monte Cassino Konopnickiej

Monte Cassino Kapelanka

Nawrotka

1 55 1    0   20    2    0    0    0    0    0
1 55 2    3  203   20    2    1    1    1    0
1 56 1    1   22    1    0    0    0    0    0
1 56 2    5  240   20    2    1    0    1    0
1 57 1    1   23    2    0    0    0    0    0
1 57 2    4  254    2    8    0    4    0    0
1 58 1    1   10    3    1    0    0    0    0
1 58 2    3  225   20    5    0    3    1    0
1 59 1    0   23    0    0    0    0    0    0
1 59 2    6  252   24    6    1    0    2    0
1 60 1    1   37    2    0    0    0    0    0
1 60 2    6  266   24    4    0    1    0    0
1 61 1    2   16    2    1    0    0    0    0
1 61 2    5  259   15    5    1    0    1    0
1 62 1    1   23    0    0    0    0    0    0
1 62 2    6  297   22    7    3    0    0    0
1 63 1    2   36    2    0    0    0    0    0
1 63 2    8  334   32    4    1    0    1    0
1 64 1    0   41    0    0    0    1    0    0
1 64 2    5  284   16    4    0    0    1    0
1 65 1    2   31    1    0    0    0    0    0
1 65 2    6  294   21    3    1    0    0    0
1 66 1    1   17    2    0    0    0    0    0
1 66 2    9  253   23    4    0    0    1    0
2 55 1    5  212   17    7    0    0    0    0
2 56 1    6  179   17    8    0    0    0    0
2 57 1    3  193   17    9    1    1    0    0
2 58 1    7  199   18    1    1    2    0    0
2 59 1    6  237   20    9    0    0    0    0
2 60 1    9  182   19    9    0    0    0    0
2 61 1    8  215   17    2    0    1    0    0
2 62 1    7  242   11    6    0    0    0    0
2 63 1    7  225   20    5    0    1    0    0
2 64 1    4  259   17    3    1    3    1    0
2 65 1    7  233   19    8    0    0    1    0
2 66 1    5  190   23    4    1    0    0    0
