	"Podgorska - Krakowska Junction, S43-04.INT - 104"									

0	"Pilsudskiego Most - 104101, 101104"									

1	"Rybaki - 104105, 105104"									

2	"Krakowska - 104107, 107104"									

3	"Podgorska - 104106, 106104"									


order	time	direction	bus	personal	van	truck	truck + trailer	motorcycle	bicycle	horse and cart
0	55	1	0	1	0	0	0	1	1	0
0	55	2	1	79	14	0	0	0	2	0
0	55	3	0	37	6	0	0	0	0	0
0	56	1	0	2	0	0	0	0	1	0
0	56	2	1	90	15	0	0	0	4	0
0	56	3	0	31	0	0	0	0	0	0
0	57	1	0	1	0	0	0	0	1	0
0	57	2	2	96	15	0	0	1	4	0
0	57	3	0	28	8	0	0	0	0	0
0	58	1	0	4	0	0	0	0	6	0
0	58	2	1	110	23	0	0	1	4	0
0	58	3	0	30	8	0	0	0	2	0
0	59	1	0	1	0	0	0	0	3	0
0	59	2	1	125	8	0	0	0	1	0
0	59	3	0	35	7	0	0	0	0	0
0	60	1	0	2	0	0	0	0	0	0
0	60	2	0	119	12	0	0	0	3	0
0	60	3	0	30	6	0	0	0	0	0
0	61	1	0	5	0	0	0	0	1	0
0	61	2	0	129	22	3	0	0	5	0
0	61	3	0	35	5	0	0	0	1	0
0	62	1	0	2	0	0	0	0	2	0
0	62	2	1	10	2	0	0	0	0	0
0	62	3	0	62	0	0	0	0	0	0
0	63	1	0	0	0	0	0	1	2	0
0	63	2	2	110	50	2	0	0	3	0
0	63	3	0	70	10	0	0	0	5	0
0	64	1	0	1	0	0	0	0	2	0
0	64	2	2	129	23	1	0	0	4	0
0	64	3	0	33	0	0	0	0	3	0
0	65	1	0	3	0	0	0	0	1	0
0	65	2	1	85	20	1	0	0	1	0
0	65	3	0	22	1	0	0	0	0	0
0	66	1	0	1	0	0	0	0	2	0
0	66	2	0	95	8	1	0	0	1	0
0	66	3	0	16	10	0	0	0	0	0
1	55	1	0	12	2	0	0	1	0	0
1	55	2	0	6	2	0	0	0	0	0
1	55	3	1	13	0	0	0	0	3	0
1	56	1	1	6	0	0	0	0	0	0
1	56	2	0	13	0	0	0	0	0	0
1	56	3	0	15	1	0	0	0	1	0
1	57	1	0	8	1	0	0	0	0	0
1	57	2	0	7	1	0	0	0	0	0
1	57	3	0	12	2	0	0	1	1	0
1	58	1	0	16	1	0	0	0	1	0
1	58	2	0	8	0	0	0	0	0	0
1	58	3	0	13	1	0	0	0	1	0
1	59	1	0	8	0	0	0	0	0	0
1	59	2	0	5	0	0	0	0	4	0
1	59	3	0	11	2	0	0	0	3	0
1	60	1	0	8	0	0	0	0	0	0
1	60	2	0	8	0	0	0	0	0	0
1	60	3	0	14	0	0	0	0	1	0
1	61	1	0	6	3	0	0	0	0	0
1	61	2	0	3	0	0	0	0	1	0
1	61	3	0	16	1	0	0	0	3	0
1	62	1	0	7	1	0	0	1	2	0
1	62	2	0	3	0	0	0	0	0	0
1	62	3	0	13	5	0	0	0	3	0
1	63	1	0	10	0	0	0	0	0	0
1	63	2	0	5	0	0	0	0	2	0
1	63	3	0	10	0	0	0	0	0	0
1	64	1	0	4	1	0	0	0	0	0
1	64	2	0	4	2	0	0	0	4	0
1	64	3	0	11	1	0	0	0	3	0
1	65	1	0	8	0	0	0	0	0	0
1	65	2	0	5	0	0	0	0	0	0
1	65	3	0	8	0	0	0	0	1	0
1	66	1	0	4	0	0	0	0	3	0
1	66	2	0	4	1	0	0	0	0	0
1	66	3	0	14	0	0	0	0	0	0
2	55	1	0	17	3	0	0	1	0	0
2	55	2	1	69	15	2	0	0	0	0
2	55	3	0	2	0	0	0	0	0	0
2	56	1	0	11	3	1	0	0	0	0
2	56	2	0	78	8	0	0	1	5	0
2	56	3	0	2	0	0	0	0	0	0
2	57	1	0	10	2	0	0	0	0	0
2	57	2	2	81	11	1	0	0	3	0
2	57	3	0	1	0	0	0	0	0	0
2	58	1	0	25	0	0	0	0	0	0
2	58	2	2	85	8	1	0	0	5	0
2	58	3	0	1	0	0	0	0	0	0
2	59	1	0	30	7	0	0	0	0	0
2	59	2	1	85	8	0	0	1	2	0
2	59	3	0	2	0	0	0	0	0	0
2	60	1	0	20	7	0	0	0	0	0
2	60	2	1	106	9	0	0	2	2	0
2	60	3	0	2	0	0	0	0	0	0
2	61	1	0	22	2	0	0	0	0	0
2	61	2	1	110	10	1	0	0	3	0
2	61	3	0	2	0	0	0	0	0	0
2	62	1	0	35	6	0	0	0	0	0
2	62	2	3	115	12	1	0	0	2	0
2	62	3	0	1	1	0	0	0	0	0
2	63	1	0	8	12	0	0	0	0	0
2	63	2	0	97	8	0	0	2	2	0
2	63	3	0	2	0	0	0	0	0	0
2	64	1	0	24	6	0	0	0	0	0
2	64	2	2	68	7	0	0	0	1	0
2	64	3	0	1	0	0	0	0	0	0
2	65	1	0	17	3	0	0	0	0	0
2	65	2	1	92	7	0	0	0	2	0
2	65	3	0	2	0	0	0	0	0	0
2	66	1	0	18	1	1	0	0	0	0
2	66	2	1	81	5	1	0	0	2	0
2	66	3	0	1	0	0	0	0	0	0
3	55	1	0	39	2	0	0	0	0	0
3	55	2	0	1	1	0	0	0	0	0
3	55	3	0	18	1	0	0	0	0	0
3	56	1	0	29	5	1	0	0	0	0
3	56	2	0	1	0	0	0	0	0	0
3	56	3	0	16	4	0	0	0	0	0
3	57	1	0	26	5	0	0	0	0	0
3	57	2	0	0	1	0	0	0	0	0
3	57	3	0	14	2	0	0	0	0	0
3	58	1	0	39	8	0	0	0	1	0
3	58	2	0	1	0	0	0	0	0	0
3	58	3	0	23	1	0	0	0	1	0
3	59	1	0	35	4	0	0	0	0	0
3	59	2	0	1	0	0	0	0	0	0
3	59	3	0	18	2	0	0	0	0	0
3	60	1	0	36	0	0	0	0	0	0
3	60	2	0	0	1	0	0	0	0	0
3	60	3	0	18	0	0	0	0	0	0
3	61	1	0	29	2	0	0	0	1	0
3	61	2	0	0	1	0	0	0	0	0
3	61	3	0	16	1	0	0	0	0	0
3	62	1	0	25	5	0	0	0	0	0
3	62	2	0	1	0	0	0	0	0	0
3	62	3	0	24	1	1	0	0	0	0
3	63	1	0	22	2	0	0	0	0	0
3	63	2	0	1	1	0	0	0	0	0
3	63	3	0	15	0	0	0	0	0	0
3	64	1	0	29	6	0	0	1	0	0
3	64	2	0	1	0	0	0	0	0	0
3	64	3	0	18	4	0	0	0	0	0
3	65	1	0	37	3	1	0	0	0	0
3	65	2	0	1	0	0	0	0	0	0
3	65	3	0	11	2	0	0	0	0	0
3	66	1	0	24	4	0	0	0	1	0
3	66	2	0	1	0	0	0	0	0	0
3	66	3	0	16	3	0	0	0	0	0
