Skrzyzowanie Straszewskiego - Zwierzyniecka, S3-04.INT

Straszewskiego Poselska

Straszewskiego Podwale

Zwierzyniecka

Franciszkanska

1 55 1    0   17    7    0    0    0    0    0
1 55 2    1   79    7    0    0    1    1    0
1 55 3    0   13    1    0    0    0    0    1
1 56 1    0   16    1    0    0    0    0    0
1 56 2    2   66    3    0    0    0    0    0
1 56 3    0    8    4    0    0    0    0    1
1 57 1    0   10    6    0    0    0    0    0
1 57 2    5   73    8    0    0    1    0    0
1 57 3    0   15    3    0    0    0    1    0
1 58 1    0   20    2    0    0    0    0    0
1 58 2    0   61   11    0    0    1    0    1
1 58 3    0   10    0    0    0    0    0    1
1 59 1    0   23    2    0    0    1    0    0
1 59 2    2   96   11    0    0    0    0    0
1 59 3    0    7    0    0    0    1    0    0
1 60 1    0   28    5    0    0    0    0    0
1 60 2    2   91    5    0    0    1    1    0
1 60 3    0    8    2    0    0    0    0    0
1 61 1    0   20    1    0    0    0    0    0
1 61 2    3   75    5    0    0    1    0    0
1 61 3    0    5    1    0    0    0    0    0
1 62 1    0   17    1    0    0    0    0    0
1 62 2    1   79    7    0    0    1    0    0
1 62 3    0   11    0    0    0    0    0    0
1 63 1    0   22    2    0    0    0    0    0
1 63 2    2   80    4    0    0    1    0    0
1 63 3    0    5    1    0    0    0    0    0
1 64 1    0   24    0    0    0    0    0    0
1 64 2    3   50    3    0    0    0    0    3
1 64 3    0    7    0    0    0    0    0    0
1 65 1    0   24    1    1    0    0    0    0
1 65 2    2   97    6    0    0    0    1    0
1 65 3    0    8    1    0    0    0    0    0
1 66 1    0   15    3    0    0    0    0    0
1 66 2    1   81    2    1    0    0    0    0
1 66 3    0   13    1    0    0    0    0    1
2 55 1    0   18    4    0    0    0    0    0
2 55 2    2   58    4    0    0    0    0    0
2 55 3    0   31    5    0    0    0    1    0
2 56 1    0   15    6    0    0    0    0    0
2 56 2    4   44    8    0    0    0    0    0
2 56 3    0   21    4    0    0    0    0    0
2 57 1    0   16    2    0    0    0    0    0
2 57 2    4   57    4    0    0    0    1    0
2 57 3    0   30    4    0    0    0    1    0
2 58 1    0   10    1    0    0    0    0    0
2 58 2    1   52    7    0    0    0    2    0
2 58 3    0   23    1    0    0    1    0    0
2 59 1    0   10    1    0    0    1    1    0
2 59 2    1   57    7    0    0    1    0    0
2 59 3    1   35    5    0    0    0    0    0
2 60 1    0   16    0    0    0    0    1    0
2 60 2    3   44    7    0    0    0    1    0
2 60 3    0   38    4    0    0    0    0    0
2 61 1    0   19    0    0    0    0    0    0
2 61 2    2   69    0    0    0    0    0    0
2 61 3    0   30    2    0    0    0    0    0
2 62 1    0   18    1    0    0    0    0    0
2 62 2    5   53    3    0    0    0    0    0
2 62 3    0   36    5    0    0    0    0    0
2 63 1    0   10    3    0    0    0    0    0
2 63 2    4   60    6    0    0    0    0    0
2 63 3    0   48    7    0    0    0    0    0
2 64 1    0   14    2    0    0    0    1    0
2 64 2    3   70    9    0    0    0    3    0
2 64 3    0   24    2    0    0    0    0    0
2 65 1    0    4    0    0    0    0    0    0
2 65 2    1   64    4    0    0    0    1    0
2 65 3    0   21    3    0    0    0    0    0
2 66 1    0   14    1    0    0    0    0    0
2 66 2    4   43    6    0    0    0    0    0
2 66 3    0   24    2    0    0    0    1    0
3 55 1    0   20    5    0    0    0    0    0
3 55 2    0   27    2    0    0    2    1    0
3 55 3    0   37    5    0    0    0    0    0
3 56 1    0   13    4    0    0    0    0    0
3 56 2    0   24    4    0    0    0    2    0
3 56 3    0   20   12    0    0    0    1    0
3 57 1    0   31    3    0    0    1    0    0
3 57 2    0   15    0    0    0    0    1    0
3 57 3    0   43    7    0    0    0    0    0
3 58 1    0   28    1    0    0    0    0    0
3 58 2    0   16    0    0    0    0    0    0
3 58 3    1   28    4    0    0    0    0    0
3 59 1    0   27    2    0    0    0    0    0
3 59 2    0   27    0    0    0    1    1    0
3 59 3    0   44    3    1    0    0    0    0
3 60 1    0   20    5    1    0    1    0    0
3 60 2    0   16    0    0    0    1    1    0
3 60 3    1   25    4    0    0    1    0    0
3 61 1    0   21    0    0    0    0    0    0
3 61 2    0   12    0    0    0    0    1    0
3 61 3    0   44    3    0    0    1    0    0
3 62 1    0   18    3    0    0    0    1    0
3 62 2    0   26    0    0    0    0    0    0
3 62 3    0   30    0    0    0    1    0    0
3 63 1    0   18    2    0    0    2    0    0
3 63 2    1   24    1    1    0    0    0    0
3 63 3    0   43    1    1    0    1    0    0
3 64 1    0   16    3    0    0    0    0    0
3 64 2    1   24    1    0    0    0    0    0
3 64 3    1   36    1    0    0    1    0    0
3 65 1    0   17    4    0    0    0    0    0
3 65 2    0   19    2    0    0    2    0    0
3 65 3    1   39    2    0    0    1    1    0
3 66 1    0   15    2    0    0    1    0    0
3 66 2    0   21    1    1    0    1    1    0
3 66 3    1   40    3    1    0    0    3    0
4 55 2    0   22    4    0    0    0    0    0
4 55 3    2   19    3    0    0    0    0    0
4 56 2    0   23    6    0    0    0    0    0
4 56 3    1   20    4    0    0    0    0    0
4 57 2    0   26    5    0    0    0    1    0
4 57 3    1   31    3    0    0    1    1    0
4 58 2    0   24    3    0    0    0    0    0
4 58 3    3   27    2    0    0    0    0    0
4 59 2    0   28    2    0    0    1    1    0
4 59 3    2   31    1    0    0    0    0    0
4 60 2    0   32    4    0    0    0    0    0
4 60 3    1   30    6    0    0    0    0    0
4 61 2    0   38    9    0    0    2    0    0
4 61 3    3   35   11    0    0    0    1    0
4 62 2    0   29    7    0    0    0    0    0
4 62 3    2   27    9    0    0    0    1    0
4 63 2    0   22    7    0    0    1    0    0
4 63 3    2   26    7    0    0    0    0    0
4 64 2    0   21    7    0    0    0    0    0
4 64 3    1   23   10    0    0    0    0    0
4 65 2    0   20    6    0    0    0    0    0
4 65 3    3   25    5    0    0    0    1    0
4 66 2    0   17    5    0    0    0    0    0
4 66 3    1   19    4    0    0    3    0    0
