Skrzyzowanie Igolomska - Brzeska, H42-04.INT

Koscielnicka

Brzeska

Igolomska

Igolomska Wyciaska

1 55 2    0    6    0    2    0    0    0    0
1 55 3    0    3    1    0    1    0    0    0
1 56 2    0    2    1    1    0    0    0    0
1 56 3    0    0    1    0    0    0    0    0
1 57 1    0    1    0    0    0    0    0    0
1 57 2    0    2    3    0    0    0    0    0
1 57 3    0    1    2    1    1    0    0    0
1 58 1    0    0    0    0    1    0    0    0
1 58 2    0    3    0    1    0    0    0    0
1 58 3    0    4    0    2    2    0    1    0
1 59 1    0    2    0    0    1    0    0    0
1 59 2    0    1    1    0    2    0    0    0
1 59 3    0    2    0    1    0    0    0    0
1 60 1    0    6    0    2    0    0    0    0
1 60 2    0    3    0    2    0    0    0    0
1 60 3    0    3    3    0    2    0    0    0
1 61 1    1    2    2    0    0    0    1    0
1 61 2    0    2    0    1    0    0    0    0
1 61 3    0    1    0    1    0    0    0    0
1 62 1    0    1    0    1    0    0    0    0
1 62 2    0    3    0    1    0    0    0    0
1 62 3    0    5    0    0    0    0    0    0
1 63 1    0    2    1    1    0    0    0    0
1 63 2    0    3    0    1    0    0    0    0
1 63 3    0    2    0    0    0    0    1    0
1 64 1    0    1    0    0    0    0    0    0
1 64 2    0    4    2    0    1    0    0    1
1 64 3    0    5    0    1    1    0    0    0
1 65 2    0    4    0    1    1    1    0    0
1 65 3    0    1    0    1    0    0    0    0
1 66 1    0    0    0    0    1    0    0    0
1 66 2    0    4    0    0    1    1    0    0
1 66 3    0    0    1    1    0    0    0    0
2 55 1    1   62   12    8   16    0    0    0
2 55 3    0    8    0    3    0    0    0    0
2 56 1    1   56   14   10   12    0    0    0
2 56 2    0    2    0    0    1    0    0    0
2 56 3    0   10    2    6    0    0    0    0
2 57 1    1   55   16    9   20    0    0    0
2 57 3    0   15    4    3    1    0    0    0
2 58 1    1   50   14   11   18    0    0    0
2 58 2    0    2    1    0    1    0    0    0
2 58 3    0   13    2    4    0    0    0    0
2 59 1    1   48   11    8   14    0    0    0
2 59 2    0    1    1    0    0    0    0    0
2 59 3    0    4    7    0    0    0    0    0
2 60 1    1   50   12    7   11    0    0    0
2 60 2    0    2    0    0    0    0    0    0
2 60 3    0    4    2    1    0    0    0    0
2 61 1    1   60   13    2    4    0    0    0
2 61 2    0    1    0    0    0    0    0    0
2 61 3    0    2    4    1    0    0    1    0
2 62 1    0   57   10    0   10    0    0    0
2 62 2    0    2    1    1    0    0    0    0
2 62 3    0    5    3    1    0    0    0    0
2 63 1    1   54    8    5   11    0    0    0
2 63 2    0    0    1    0    0    0    0    0
2 63 3    0    6    5    1    1    0    0    0
2 64 1    0   50   11    4   13    0    0    0
2 64 2    0    2    0    1    0    0    0    0
2 64 3    0    5    3    2    3    0    0    0
2 65 1    1   52    9    7   11    0    0    0
2 65 2    0    1    2    0    0    0    0    0
2 65 3    0    6    2    4    0    0    0    0
2 66 1    0   55    6    5    8    0    0    0
2 66 2    0    2    0    0    0    0    0    2
2 66 3    0    4    3    1    0    0    0    0
3 55 1    0    2    1    1    0    0    0    0
3 55 2    4   35   15   10    4    0    0    0
3 55 3    0    6    2    1    1    0    0    0
3 56 1    0    1    0    0    0    0    0    0
3 56 2    1   42   20    7    2    1    0    0
3 56 3    0    5    1    0    0    0    0    0
3 57 1    0    5    2    0    0    0    0    0
3 57 2    3   40   10    6    6    0    1    0
3 57 3    0    5    2    0    0    0    0    0
3 58 1    0    3    0    1    0    0    0    0
3 58 2    0   36    4    9    2    0    1    0
3 58 3    0    8    2    1    3    0    0    0
3 59 1    0    0    1    3    0    0    0    0
3 59 2    0   35    7    7    2    0    0    0
3 59 3    0    6    0    0    0    0    0    0
3 60 1    0    2    1    3    1    0    0    0
3 60 2    0   36    5    3    5    0    1    0
3 60 3    0    1    0    0    0    0    0    0
3 61 1    0    4    0    0    0    0    0    0
3 61 2    1   42    7    5    2    0    0    0
3 61 3    1    8    3    1    1    0    0    0
3 62 1    0    1    1    0    0    0    0    0
3 62 2    2   46   14    3    2    0    0    0
3 62 3    0    4    2    0    0    0    0    0
3 63 1    0    2    0    0    0    0    0    0
3 63 2    1   40    6    4    2    0    1    0
3 63 3    0    5    2    0    0    0    0    0
3 64 1    0    1    1    0    0    0    0    0
3 64 2    2   34   13    3    7    0    0    0
3 64 3    0    6    6    0    0    0    0    0
3 65 1    0    1    1    0    0    0    0    0
3 65 2    1   42    8    2    4    1    1    0
3 65 3    0    4    1    2    0    0    0    0
3 66 1    0    1    0    2    0    0    0    0
3 66 2    0   37    6   11    3    0    0    0
3 66 3    0   10    1    0    1    0    0    0
4 55 1    0    0    3    1    0    0    0    0
4 55 2    2   26    3    3    3    0    0    0
4 55 3    1   66    2    7   10    1    0    0
4 56 1    0    1    5    0    0    0    0    0
4 56 2    1   21    2    0    3    0    0    0
4 56 3    2   69   11    0   11    0    1    0
4 57 1    0    2    5    0    0    0    0    0
4 57 2    0   12    4    0    0    0    0    0
4 57 3    2   82    6    0   13    0    0    0
4 58 1    0    4    3    0    1    0    0    0
4 58 2    2   12    8    0    0    0    0    0
4 58 3    2   63    6    0    9    0    0    0
4 59 1    0    2    0    0    0    0    0    0
4 59 2    1   22    5    0    3    0    0    0
4 59 3    2   30    3    0    6    0    0    0
4 60 1    0    1    2    0    0    0    0    0
4 60 2    2   15    7    0    2    0    0    0
4 60 3    3   29   10    3    7    0    0    0
4 61 1    0    0    1    0    0    0    0    0
4 61 2    0   15    2    0    5    1    0    0
4 61 3    0   27    5    6   10    0    0    0
4 62 1    0    0    2    0    0    0    0    0
4 62 2    1   11    0    3    1    0    0    0
4 62 3    3   25    2    1    7    0    0    0
4 63 1    0    2    2    1    1    0    0    0
4 63 2    2   14    3    1    1    0    0    0
4 63 3    1   26    5    4    5    0    0    0
4 64 2    4   13    2    0    2    0    0    0
4 64 3    2   28    9    4    9    0    0    0
4 65 1    0    1    0    0    1    0    0    0
4 65 2    0   17    9    6    7    0    0    0
4 65 3    3   55    5    5    5    0    0    0
4 66 1    0    2    0    0    0    0    0    0
4 66 2    3   42    7    0    3    0    0    0
4 66 3    1   48    6    2    7    0    0    0
