Skrzyzowanie Tyniecka - Ruczaj, P43-04.INT

Tyniecka Praska

Tyniecka

Ruczaj

1 58 1    0   31    0    0    0    0    0    0
1 58 2    0   33    5    5    0    0    1    0
1 59 1    0   35    2    0    0    0    0    0
1 59 2    1   40    3   10    0    0    0    0
1 60 1    0   31    2    0    0    0    1    0
1 60 2    2   41    4    0    0    0    0    0
1 61 1    0   48    0    4    0    0    0    0
1 61 2    1   45    2    4    1    0    0    0
1 62 1    0   60    1    2    0    0    1    0
1 62 2    1   65    1    2    0    1    2    0
1 63 1    0   52    0    0    0    0    1    0
1 63 2    2   47    3    0    1    0    3    0
1 64 1    0   51    1    0    0    0    0    0
1 64 2    1   53    1    1    0    0    5    0
1 65 1    0   49    3    0    0    1    0    0
1 65 2    2   42    1    1    0    0    8    0
2 58 1    1   31    0    2    4    0    1    0
2 58 2    0   16    0    0    0    0    0    0
2 59 1    1   39    3    3    0    2    1    0
2 59 2    0    7    3    0    0    0    0    0
2 60 1    2   33    2    6    0    0    0    0
2 60 2    0    6    2    0    0    0    4    0
2 61 1    0   50    3    1    0    0    2    0
2 61 2    0   19    2    0    0    0    0    0
2 62 1    2   28    3    2    0    0    5    0
2 62 2    0   16    0    0    0    0    0    0
2 63 1    1   48    4    1    1    0    2    0
2 63 2    0   20    2    1    0    0    0    0
2 64 1    1   38    5    0    0    0    1    0
2 64 2    0   15    1    0    0    0    0    0
2 65 1    2   37    8    2    0    0    2    0
2 65 2    0   19    4    1    0    0    1    0
2 66 1    0   29    3    0    0    0    4    0
2 66 2    0   13    4    1    0    0    1    0
3 58 1    0   20    2    0    0    0    0    0
3 58 2    0   28    0    0    0    0    0    0
3 59 1    0   22    0    0    0    0    0    0
3 59 2    0   34    1    1    0    0    0    0
3 60 1    0   20    2    1    0    0    0    0
3 60 2    0   26    0    0    0    0    2    0
3 61 1    0   16    0    0    1    0    0    0
3 61 2    0   38    0    1    0    0    0    0
3 62 1    0   23    1    0    0    0    0    0
3 62 2    0   34    0    0    0    0    0    0
3 63 1    0   18    0    1    0    0    0    0
3 63 2    0   26    1    0    0    0    0    0
3 64 1    0   21    0    1    0    0    0    0
3 64 2    0   28    2    0    0    0    0    0
3 65 1    0   30    0    0    0    0    0    0
3 65 2    0   32    1    0    0    0    0    0
3 66 1    0   23    0    1    1    0    0    0
3 66 2    0   38    2    0    0    0    1    0
