Skrzyzowanie Igolomska - Wyciaska, H45-04.INT

Igolomska Ptaszyckiego

Igolomska Brzeska

Wyciaska Jeziorko

Wyciaska

1 55 1    0    1    2    1    0    0    0    0
1 55 2    3   91   27   30    0    1    0    0
1 55 3    0    1    1    1    0    0    0    0
1 56 1    0    1    0    1    0    0    0    0
1 56 2    4  150   30   25    0    0    0    0
1 56 3    1    4    0    1    0    0    0    0
1 57 1    0    2    0    1    0    1    0    0
1 57 2    4  190   37   31    1    0    0    0
1 57 3    0    3    1    1    0    0    0    0
1 58 1    0    1    1    2    0    0    0    0
1 58 2    5  180   23   30    0    0    0    0
1 58 3    0    6    2    0    0    0    0    0
1 59 1    0    1    0    0    0    0    0    0
1 59 2    4  170   46   45    0    1    0    0
1 60 2    6  100   27   40    2    1    0    0
1 61 1    0    1    0    0    0    0    0    0
1 61 2    2  205   30   40    0    1    0    0
1 62 1    0    1    0    0    0    0    0    0
1 62 2    5  195   30   35    0    0    0    0
1 63 1    1    1    0    0    0    0    0    0
1 63 2    3  235   40   40    0    0    0    0
1 64 1    0    0    0    1    0    0    0    0
1 64 2    5  145   30   25    0    0    0    0
1 64 3    0    3    0    0    0    0    0    0
1 65 2    1  200   37   32    0    0    0    0
1 66 2    5  200   44   37    0    0    0    0
2 55 1    0    1    0    0    0    0    0    0
2 55 2    4   88   32    9   24    0    0    0
2 55 3    1    3    1    0    0    0    0    0
2 56 1    0    3    1    1    0    0    0    0
2 56 2    3   83   38   18   23    0    0    0
2 56 3    0    3    4    1    0    0    0    0
2 57 1    0    4    1    0    0    0    0    0
2 57 2    4   98   35   22   13    0    0    0
2 57 3    1    4    2    0    0    0    0    0
2 58 1    0    4    1    0    0    0    0    0
2 58 2    1  110   46   17   17    0    0    0
2 58 3    0    9    2    1    0    0    0    0
2 59 1    0    3    1    0    0    0    0    0
2 59 2    3   29   16   23    0    0    0    0
2 59 3    0    9    2    0    0    0    0    0
2 60 1    0    1    0    0    0    0    0    0
2 60 2    3  124   35   13   22    0    0    0
2 60 3    0    2    0    0    0    0    0    0
2 61 1    0    2    0    0    0    0    0    0
2 61 2    2  124   43   10    8    0    1    0
2 61 3    0    4    1    0    0    0    0    0
2 62 1    0    2    0    0    0    0    0    0
2 62 2    3   86   25    6   10    0    0    0
2 62 3    0    4    0    0    0    0    0    0
2 63 2    4  107   25   11    9    0    0    0
2 63 3    0    6    0    0    0    0    0    0
2 64 1    0    2    0    0    0    0    0    0
2 64 2    0   85   23    7    7    0    0    0
2 64 3    0    2    2    2    1    0    0    0
2 65 1    0    0    1    0    0    0    0    0
2 65 2    4  141   35   14    8    0    0    0
2 65 3    2    5    2    1    0    0    0    0
2 66 1    0    1    0    0    0    0    0    0
2 66 2    3   79   13   13    5    0    0    0
2 66 3    0    7    0    0    0    0    0    0
3 55 1    0    5    2    0    0    0    0    0
3 55 2    0    3    0    0    0    0    0    0
3 55 3    0    9    1    1    0    1    0    0
3 56 1    0    7    3    0    0    0    0    0
3 56 2    0    1    0    0    0    0    0    0
3 56 3    0    1    0    0    0    0    0    0
3 57 1    0    7    1    0    0    0    0    0
3 57 2    0    1    2    0    0    0    0    0
3 57 3    0    0    1    0    0    0    0    0
3 58 1    0    2    1    0    0    0    0    0
3 58 2    0    2    3    0    0    0    0    0
3 58 3    0    3    0    1    0    0    0    0
3 59 1    0   11    2    0    0    0    0    0
3 59 2    0    3    2    0    0    0    0    0
3 59 3    0    5    0    0    0    0    0    0
3 60 1    0   10    1    2    0    0    0    0
3 60 2    1    1    1    0    0    0    1    0
3 60 3    0    4    1    0    0    0    1    0
3 61 1    1   22    3    1    0    0    0    0
3 61 2    0    5    1    0    0    0    0    0
3 61 3    0    2    0    0    1    0    0    0
3 62 1    0    8    2    0    0    0    0    0
3 62 2    0    3    0    0    0    0    0    0
3 62 3    0    5    1    0    0    0    0    0
3 63 1    0    8    1    0    0    0    0    0
3 63 2    1    1    0    0    0    0    0    0
3 63 3    0    3    2    0    0    0    0    0
3 64 1    0    4    1    0    0    0    0    0
3 64 3    0    1    0    0    0    0    0    0
3 65 1    1    9    4    1    0    0    0    0
3 65 3    0    2    1    1    0    0    0    0
3 66 1    0    3    2    0    0    0    0    0
3 66 2    0    2    1    0    0    0    0    0
3 66 3    0    4    0    0    0    0    0    0
4 55 1    0   10    0    0    0    0    0    0
4 55 2    1    0    1    0    0    0    0    0
4 56 1    0    6    1    0    0    0    0    0
4 56 3    0    1    1    0    0    0    0    0
4 57 1    0   10    0    0    0    0    0    0
4 57 3    0    2    0    1    0    0    0    0
4 58 1    1    9    2    1    0    0    0    0
4 58 2    0    1    1    0    0    0    0    0
4 58 3    0    1    1    0    0    0    0    0
4 59 1    0   10    1    0    0    0    0    0
4 59 2    0    1    0    0    0    0    0    0
4 59 3    0    3    0    0    0    0    0    0
4 60 1    0    8    1    0    0    0    0    0
4 60 3    0    5    0    1    0    0    0    0
4 61 1    0    3    2    0    0    0    0    0
4 61 2    0    1    1    0    0    0    0    0
4 61 3    0    1    0    0    0    0    0    0
4 62 1    1    8    2    1    0    0    0    0
4 62 2    0    1    1    0    0    0    0    0
4 62 3    0    2    0    0    0    0    0    0
4 63 1    0    9    1    0    0    0    0    0
4 63 3    0    1    0    0    0    0    0    0
4 64 1    0    8    0    0    0    0    0    0
4 65 1    0    3    1    0    0    0    1    0
4 65 2    1    0    0    0    0    0    0    0
4 66 1    0    0    1    0    0    0    0    0
4 66 2    1    0    0    0    0    0    2    0
4 66 3    0    1    0    0    0    0    0    0
