	Slowackiego - Krolewska Junction, 8 K-6, 8 K-6a, 8 K-6b - 37

0	Mickiewicza - 37038, 38037

1	Krolewska - 37014, 14037

2	Slowackiego - 37036, 36037

3	Karmelicka - 37045, 45037


order	time	direction	bus 	personal	van	truck	truck + trailer	motorcycle	bicycle	horse and cart
0	55	1	0	9	2	0	0	0	0	0
0	56	1	0	19	1	0	0	0	0	0
0	57	1	1	15	2	1	0	0	0	0
0	58	1	0	15	0	1	0	0	0	0
0	59	1	1	6	2	0	0	0	0	0
0	60	1	0	17	1	0	0	0	0	0
0	61	1	0	18	2	1	0	1	0	0
0	62	1	0	20	3	0	0	0	0	0
0	63	1	0	25	4	1	0	1	0	0
0	64	1	1	19	2	0	0	0	0	0
0	65	1	1	17	2	0	0	0	0	0
0	66	1	0	20	1	0	0	0	0	0
0	55	2	13	265	29	3	1	1	1	0
0	55	3	0	63	5	2	0	0	0	0
0	56	2	14	274	42	0	3	0	0	0
0	56	3	0	70	15	1	0	0	0	0
0	57	2	13	275	45	6	2	2	0	0
0	57	3	0	89	11	0	0	0	0	0
0	58	2	18	354	30	8	0	1	0	0
0	58	3	0	80	11	0	0	1	0	0
0	59	2	19	442	32	2	0	0	0	0
0	59	3	0	67	11	1	0	0	0	0
0	60	2	14	391	17	0	0	0	0	0
0	60	3	0	102	2	0	0	0	0	0
0	61	2	13	365	29	1	0	2	0	0
0	61	3	0	95	5	0	0	0	0	0
0	62	2	19	291	22	4	0	1	0	0
0	62	3	0	80	7	0	0	0	0	0
0	63	2	17	312	26	3	0	1	0	0
0	63	3	1	90	6	0	0	0	0	0
0	64	2	16	298	27	0	0	0	1	0
0	64	3	0	80	7	0	0	0	0	0
0	65	2	14	274	28	2	1	0	0	0
0	65	3	0	80	3	1	0	0	0	0
0	66	2	13	261	23	4	0	0	0	0
0	66	3	0	72	5	1	0	0	0	0
1	55	1	0	17	0	0	0	0	0	0
1	56	1	0	19	2	0	0	0	0	0
1	57	1	0	20	1	0	0	0	0	0
1	58	1	0	20	1	0	0	0	0	0
1	59	1	0	16	2	0	0	0	0	0
1	60	1	0	25	1	0	0	0	0	0
1	61	1	0	20	2	0	0	0	0	0
1	62	1	0	15	1	0	0	0	0	0
1	63	1	0	15	0	0	0	0	0	0
1	64	1	0	18	1	0	0	0	0	0
1	65	1	0	19	0	0	0	0	0	0
1	66	1	0	16	1	0	0	0	0	0
1	55	2	0	19	4	0	0	0	2	0
1	55	3	0	75	6	0	0	0	0	0
1	56	2	0	14	4	0	0	1	0	0
1	56	3	0	73	4	1	0	0	0	0
1	57	2	0	23	3	0	0	0	1	0
1	57	3	0	51	7	1	0	1	0	0
1	58	2	0	17	1	0	0	1	1	0
1	58	3	0	76	4	0	0	1	0	0
1	59	2	0	22	5	0	0	0	4	0
1	59	3	0	63	8	0	0	1	0	0
1	60	2	0	20	2	1	0	1	2	0
1	60	3	0	71	2	0	0	1	0	0
1	61	2	0	28	3	0	0	1	3	0
1	61	3	2	75	5	1	0	0	0	0
1	62	2	0	23	5	0	0	0	1	0
1	62	3	0	58	2	1	0	0	0	0
1	63	2	0	18	2	0	0	0	0	0
1	63	3	0	64	2	1	1	0	0	0
1	64	2	0	20	1	0	0	0	0	0
1	64	3	0	60	5	2	0	0	0	0
1	65	2	0	30	2	0	0	2	1	0
1	65	3	0	65	4	0	0	0	0	0
1	66	2	0	14	2	0	0	0	3	0
1	66	3	0	55	2	0	0	0	0	0
2	55	1	0	25	0	1	0	0	0	0
2	56	1	0	28	2	0	0	0	0	0
2	57	1	0	30	2	1	0	0	0	0
2	58	1	0	30	2	0	0	0	0	0
2	59	1	1	23	2	1	0	0	0	0
2	60	1	0	37	1	0	0	0	0	0
2	61	1	0	30	2	0	0	0	0	0
2	62	1	0	23	2	0	0	0	0	0
2	63	1	0	23	1	0	0	0	0	0
2	64	1	0	28	1	0	0	0	0	0
2	65	1	0	29	1	0	0	0	0	0
2	66	1	0	24	1	0	0	0	0	0
2	55	2	9	253	18	3	0	0	3	0
2	55	3	0	57	6	0	0	0	0	0
2	56	2	9	298	20	1	2	1	1	0
2	56	3	0	67	7	0	1	0	0	0
2	57	2	11	288	35	8	3	0	1	0
2	57	3	0	98	4	2	0	0	0	0
2	58	2	20	324	33	0	2	0	0	0
2	58	3	0	60	8	2	0	0	0	0
2	59	2	16	316	45	2	1	0	1	0
2	59	3	0	62	6	0	0	0	0	0
2	60	2	7	326	22	2	1	0	0	0
2	60	3	0	43	4	0	0	0	0	0
2	61	2	17	342	28	1	0	0	0	0
2	61	3	0	51	4	0	0	1	0	0
2	62	2	16	278	35	5	2	0	0	0
2	62	3	0	60	5	2	0	0	0	0
2	63	2	8	279	25	4	2	0	0	0
2	63	3	0	60	3	1	0	0	0	0
2	64	2	8	242	20	8	0	0	0	0
2	64	3	0	52	5	0	0	0	1	0
2	65	2	14	318	17	6	0	0	0	0
2	65	3	0	70	4	0	1	0	0	0
2	66	2	12	309	19	1	1	0	0	0
2	66	3	0	72	4	0	0	0	0	0
3	55	1	0	6	2	0	0	0	0	0
3	56	1	0	13	1	0	0	0	0	0
3	57	1	0	10	2	0	0	0	0	0
3	58	1	0	10	0	1	0	0	0	0
3	59	1	0	4	2	0	0	0	0	0
3	60	1	0	11	1	0	0	0	0	0
3	61	1	0	12	2	0	0	0	0	0
3	62	1	0	14	2	0	0	0	0	0
3	63	1	0	16	2	1	0	0	0	0
3	64	1	0	13	2	0	0	0	0	0
3	65	1	1	12	1	0	0	0	0	0
3	66	1	0	13	0	0	0	0	0	0
3	55	2	0	41	4	0	0	0	1	0
3	55	3	0	25	3	0	0	0	0	0
3	56	2	0	58	5	0	0	0	4	0
3	56	3	0	33	4	0	0	1	0	0
3	57	2	0	35	2	1	0	0	1	0
3	57	3	1	25	3	0	0	0	0	0
3	58	2	0	54	3	0	0	1	1	0
3	58	3	0	25	5	1	0	0	0	0
3	59	2	0	38	0	0	0	0	2	0
3	59	3	1	20	1	0	0	0	0	0
3	60	2	0	49	4	0	0	0	2	0
3	60	3	0	25	0	0	0	0	0	0
3	61	2	0	52	6	0	0	0	3	0
3	61	3	1	23	5	0	0	0	0	0
3	62	2	0	47	0	0	0	1	1	0
3	62	3	0	47	2	0	0	0	1	0
3	63	2	0	47	4	0	0	0	1	0
3	63	3	0	35	5	0	0	0	0	0
3	64	2	0	35	1	0	0	0	2	0
3	64	3	0	28	1	0	0	0	0	0
3	65	2	0	63	5	0	0	0	0	0
3	65	3	0	34	2	0	0	0	0	0
3	66	2	0	48	2	0	0	0	1	0
3	66	3	0	30	0	0	0	0	0	0
