	Starowislna - Podgorska Junction, 62 S-37 - 106									

0	Powstancow Slaskich Most - 106102, 102106									

1	Podgorska - 106104, 104106									

2	Starowislna - 106109, 109106									

3	Podgorska Kotlarska - 106112, 112106									


order	time	direction	bus 	personal	van	truck	truck + trailer	motorcycle	bicycle	horse and cart
0	55	1	0	11	2	0	0	0	0	0
0	56	1	0	12	2	0	0	0	0	0
0	57	1	0	14	3	0	0	0	1	0
0	58	1	0	11	2	0	0	0	0	0
0	59	1	0	13	2	0	0	0	0	0
0	60	1	0	10	2	0	0	0	0	0
0	61	1	0	14	2	0	0	0	0	0
0	62	1	0	9	1	0	0	0	0	0
0	63	1	0	12	2	0	0	0	0	0
0	64	1	0	9	1	0	0	0	0	0
0	65	1	0	11	2	0	0	0	0	0
0	66	1	0	9	1	0	0	0	0	0
0	55	2	0	99	15	1	0	1	1	0
0	56	2	1	108	15	3	0	0	2	0
0	57	2	1	130	23	3	0	0	5	0
0	58	2	0	100	18	1	0	3	2	0
0	59	2	0	121	18	1	0	0	4	0
0	60	2	1	92	14	2	0	0	1	0
0	61	2	0	130	14	0	0	0	0	0
0	62	2	0	79	10	1	0	2	1	0
0	63	2	0	104	14	0	1	0	1	0
0	64	2	1	78	12	1	0	0	1	0
0	65	2	1	97	14	1	0	0	0	0
0	66	2	1	85	10	0	0	0	0	0
0	55	3	0	69	18	1	0	0	0	0
0	56	3	0	63	13	0	0	0	0	0
0	57	3	0	62	9	1	0	1	1	0
0	58	3	0	60	4	0	0	0	0	0
0	59	3	1	60	14	2	1	0	1	0
0	60	3	0	42	7	2	0	0	0	0
0	61	3	0	73	16	0	0	0	1	0
0	62	3	0	49	12	1	0	0	0	0
0	63	3	0	81	14	1	1	0	0	0
0	64	3	0	58	12	0	3	0	0	0
0	65	3	0	135	8	0	1	0	1	0
0	66	3	0	48	6	1	0	2	0	0
1	55	1	0	3	0	0	0	0	0	0
1	56	1	0	1	1	0	0	0	0	0
1	57	1	0	5	0	0	0	0	0	0
1	58	1	0	6	1	0	0	0	0	0
1	59	1	0	5	0	1	0	0	0	0
1	60	1	0	5	0	0	0	0	0	0
1	61	1	0	2	1	0	0	0	0	0
1	62	1	0	5	0	0	0	0	0	0
1	63	1	0	3	0	0	0	0	0	0
1	64	1	0	5	0	0	0	0	0	0
1	65	1	0	6	2	0	0	0	0	0
1	66	1	0	1	0	0	0	0	0	0
1	55	2	1	55	11	2	0	0	1	0
1	56	2	0	42	7	0	0	0	0	0
1	57	2	0	51	6	0	0	0	1	0
1	58	2	0	57	11	0	0	0	0	0
1	59	2	0	63	6	0	0	0	0	0
1	60	2	0	51	8	0	0	0	1	0
1	61	2	1	61	6	0	0	0	0	0
1	62	2	0	53	7	1	0	0	1	0
1	63	2	0	61	3	0	0	0	0	0
1	64	2	0	81	2	0	0	0	0	0
1	65	2	0	61	10	0	0	0	0	0
1	66	2	0	56	5	0	0	1	2	0
1	55	3	0	21	1	0	0	0	0	0
1	56	3	0	15	3	0	0	0	0	0
1	57	3	0	22	1	0	0	0	0	0
1	58	3	0	13	1	0	0	0	0	0
1	59	3	0	21	2	1	0	0	0	0
1	60	3	0	19	4	0	0	0	0	0
1	61	3	0	19	4	0	0	1	1	0
1	62	3	0	14	2	0	0	0	0	0
1	63	3	0	19	2	0	0	0	0	0
1	64	3	0	14	3	0	0	0	0	0
1	65	3	0	14	3	0	0	0	0	0
1	66	3	0	12	1	0	0	0	0	0
2	55	1	0	15	2	0	0	0	0	0
2	56	1	0	7	2	0	0	0	0	0
2	57	1	0	3	0	0	0	0	0	0
2	58	1	0	5	1	0	0	0	0	0
2	59	1	0	2	0	0	0	0	0	0
2	60	1	0	5	2	0	0	0	1	0
2	61	1	0	2	2	0	0	0	0	0
2	62	1	0	4	0	0	0	0	0	0
2	63	1	0	5	1	0	0	0	0	0
2	64	1	0	3	0	0	0	0	0	0
2	65	1	0	6	0	0	0	0	1	0
2	66	1	0	5	3	0	0	0	0	0
2	55	2	1	102	14	1	0	0	0	0
2	56	2	5	98	8	0	0	0	0	0
2	57	2	2	98	12	1	0	0	0	0
2	58	2	3	101	8	0	0	0	1	0
2	59	2	1	104	4	0	0	2	0	0
2	60	2	5	101	6	1	0	0	0	0
2	61	2	6	106	8	2	0	0	0	0
2	62	2	7	107	1	0	0	0	0	0
2	63	2	2	106	7	2	0	0	0	0
2	64	2	4	97	9	1	0	0	0	0
2	65	2	4	103	10	3	0	0	1	0
2	66	2	2	105	0	1	0	0	0	0
2	55	3	0	10	2	1	0	1	0	0
2	56	3	0	5	0	0	0	0	0	0
2	57	3	0	11	1	0	0	0	0	0
2	58	3	0	8	1	0	0	0	0	0
2	59	3	0	4	1	0	0	1	0	0
2	60	3	0	5	4	0	0	0	0	0
2	61	3	0	5	2	0	0	0	0	0
2	62	3	0	6	1	0	0	0	0	0
2	63	3	0	6	3	0	0	0	0	0
2	64	3	0	5	0	0	0	0	0	0
2	65	3	0	7	2	0	0	0	0	0
2	66	3	0	8	0	0	0	0	0	0
3	55	1	0	33	4	2	0	0	0	0
3	56	1	0	42	7	0	0	0	0	0
3	57	1	0	48	9	0	0	0	0	0
3	58	1	0	38	5	0	0	0	0	0
3	59	1	1	59	9	0	1	0	0	0
3	60	1	0	49	5	0	0	0	2	0
3	61	1	0	58	10	1	0	1	0	0
3	62	1	1	48	5	0	0	0	0	0
3	63	1	0	54	7	2	0	2	1	0
3	64	1	0	49	5	0	0	0	0	0
3	65	1	0	75	6	0	0	0	2	0
3	66	1	0	36	5	0	0	2	0	0
3	55	2	0	40	24	0	0	1	1	0
3	56	2	0	50	17	0	0	0	0	0
3	57	2	0	41	18	0	0	1	0	0
3	58	2	0	51	17	0	0	0	0	0
3	59	2	1	36	22	0	0	0	0	0
3	60	2	1	41	14	0	0	0	1	0
3	61	2	0	44	26	0	0	0	0	0
3	62	2	0	55	17	0	0	0	1	0
3	63	2	1	52	24	0	0	0	0	0
3	64	2	0	49	9	0	0	0	1	0
3	65	2	0	68	21	0	0	1	0	0
3	66	2	0	3	0	0	0	0	0	0
3	55	3	0	2	4	0	0	0	0	0
3	56	3	3	0	2	1	0	0	0	0
3	57	3	0	3	1	0	0	0	0	0
3	58	3	0	1	0	0	0	0	0	0
3	59	3	0	1	1	0	0	0	0	0
3	60	3	2	0	1	2	0	0	0	0
3	61	3	0	2	1	0	0	0	0	0
3	62	3	0	2	0	0	0	0	0	0
3	63	3	0	2	1	0	0	0	0	0
3	64	3	0	3	1	0	0	0	0	0
3	65	3	0	2	2	0	0	0	0	0
3	66	3	4	0	2	1	0	0	0	0
