X21 6
X15 6
X22 6
X16 6
X21 6
X15 6
X22 6
X16 6
X21 31
X15 31
X22 31
X16 31
X21 6
X15 6
X22 6
X16 6
X21 1
X15 1
X22 1
X16 1
9 9 9 9 
9 9 9 9 
9 9 9 9 
9 9 9 9 
9 9 9 9 
9 9 9 9 
9 9 9 9 
9 9 9 9 
9 9 9 9 
9 9 9 9 
9 9 9 9 
9 9 9 9 
9 9 9 9 
9 9 9 9 
9 9 9 9 
9 9 9 9 
9 9 9 9 
9 9 9 9 
9 9 9 9 
9 9 9 9 
9 9 9 9 
9 9 9 9 
9 9 9 9 
9 9 9 9 
9 9 9 9 
9 9 9 9 
9 9 9 9 
9 9 9 9 
9 9 9 9 
9 9 9 9 
9 9 9 9 
9 9 9 9 
9 9 9 9 
9 9 9 9 
9 9 9 9 
9 9 9 9 
9 9 9 9 
9 9 9 9 
9 9 9 9 
9 9 9 9 
9 9 9 9 
9 9 9 9 
9 9 9 9 
9 9 9 9 
9 9 9 9 
9 9 9 9 
9 9 9 9 
9 9 9 9 
9 9 9 9 
9 9 9 9 
