100 1261.0 1.3481364 0.9999924 0.11111111111111112 1700.0 33
100 1261.0 1.3481364 0.9999924 0.11111111111111112 1700.0 33
100 1261.0 1.3481364 0.9999924 0.11111111111111112 1700.0 33
100 1261.0 1.3481364 0.9999924 0.11111111111111112 1700.0 33
100 1261.0 1.3481364 0.9999924 0.11111111111111112 1700.0 33
100 1261.0 1.3481364 0.9999924 0.11111111111111112 1700.0 33
100 1261.0 1.3481364 0.9999924 0.11111111111111112 1700.0 33
100 1261.0 1.3481364 0.9999924 0.11111111111111112 1700.0 33
100 1261.0 1.3481364 0.9999924 0.11111111111111112 1700.0 33
100 1261.0 1.3481364 0.9999924 0.11111111111111112 1700.0 33
100 997.0 1.2036108 0.99975586 0.125 1200.0 38
100 0.0 0.0 0.0 0.5327380952380952 0.0 180
200 649.0 1.155624 0.6875 1.0694444444444444 750.0 359
300 2819.0 0.92231286 0.31755066 1.4732142857142858 2600.0 496
400 6903.0 0.9198899 0.27388412 1.9255952380952381 6350.0 651
500 12484.0 0.80903554 0.03125418 2.4136904761904763 10100.0 815
600 17380.0 0.7278481 1.526083E-5 2.846230158730159 12650.0 971
700 21846.0 0.67746955 0.015625015 3.357142857142857 14800.0 1144
800 29567.0 0.6290797 3.814701E-6 3.801587301587302 18600.0 1309
900 37199.0 0.58066076 0.0234375 4.178571428571429 21600.0 1496
1000 44515.0 0.54139054 4.5776367E-5 4.419642857142857 24100.0 1648
1100 50200.0 0.51693225 0.003906429 4.634920634920634 25950.0 1803
1200 55682.0 0.48938617 6.103795E-5 5.01686507936508 27250.0 2006
1300 66497.0 0.44588476 2.9803687E-8 5.554563492063492 29650.0 2186
1400 74675.0 0.41647136 1.1642065E-10 6.032738095238095 31100.0 2379
1500 92281.0 0.3733163 1.7764382E-15 6.38888888888889 34450.0 2556
1600 106075.0 0.34928116 8.674014E-19 6.680555555555556 37050.0 2753
1700 115409.0 0.33316293 3.388287E-21 7.083333333333333 38450.0 2940
1800 127670.0 0.3148743 6.617748E-24 7.636904761904762 40200.0 3111
1900 138032.0 0.3035528 2.5850577E-26 8.071428571428571 41900.0 3286
2000 145181.0 0.29824838 4.0391527E-28 8.294642857142858 43300.0 3482
2100 160577.0 0.2839759 1.9722425E-31 8.541666666666666 45600.0 3654
2200 168179.0 0.2767884 6.163258E-33 8.749007936507937 46550.0 3847
2300 198688.0 0.26247182 4.7021926E-38 9.302579365079364 52150.0 4024
2400 218455.0 0.2529125 1.14794E-41 9.424603174603174 55250.0 4228
2500 227280.0 0.24749207 3.59E-43 9.430555555555555 56250.0 4401
2600 231373.0 0.24527495 9.0E-44 9.680555555555555 56750.0 4567
2700 249358.0 0.2338004 0.0 9.964285714285714 58300.0 4762
2800 262950.0 0.22627877 0.0 10.05952380952381 59500.0 4941
2900 294700.0 0.21428572 0.0 10.166666666666666 63150.0 5096
3000 342417.0 0.2009246 0.0 10.413690476190476 68800.0 5256
3100 396416.0 0.19222231 0.0 10.788690476190476 76200.0 5431
3200 429080.0 0.18737765 0.0 10.853174603174603 80400.0 5603
3300 438504.0 0.18631528 0.0 11.031746031746032 81700.0 5786
3400 455170.0 0.18333809 0.0 11.109126984126984 83450.0 5933
3500 457192.0 0.18285534 0.0 11.168650793650793 83600.0 6095
3600 470905.0 0.1799726 0.0 11.409722222222221 84750.0 6257
3700 500622.0 0.17608096 0.0 11.537698412698413 88150.0 6413
3800 500622.0 0.17608096 0.0 11.582341269841269 88150.0 6558
3900 522648.0 0.17248702 0.0 11.751984126984127 90150.0 6720
4000 544136.0 0.16907538 0.0 11.90079365079365 92000.0 6895
4100 556843.0 0.16746192 0.0 11.912698412698413 93250.0 7071
4200 565588.0 0.1658451 0.0 11.933531746031745 93800.0 7261
4300 571264.0 0.16489749 0.0 11.999007936507937 94200.0 7437
4400 574338.0 0.1644502 0.0 12.055555555555555 94450.0 7600
4500 594976.0 0.16185527 0.0 12.135912698412698 96300.0 7798
4600 608208.0 0.15981375 0.0 12.263888888888888 97200.0 7951
4700 645790.0 0.15562335 0.0 12.243055555555554 100500.0 8146
4800 694708.0 0.15107067 0.0 12.240079365079364 104950.0 8292
4900 823892.0 0.13921727 0.0 12.260912698412696 114700.0 8443
5000 902065.0 0.13463554 0.0 12.332341269841269 121450.0 8620
5100 954162.0 0.13173863 0.0 12.382936507936506 125700.0 8811
5200 993418.0 0.13045868 0.0 12.388888888888888 129600.0 8982
5300 1031910.0 0.12864494 0.0 12.368055555555554 132750.0 9160
5400 1091761.0 0.12571433 0.0 12.460317460317459 137250.0 9315
5500 1159549.0 0.12272013 0.0 12.463293650793648 142300.0 9496
5600 1289541.0 0.11453688 0.0 12.374007936507935 147700.0 9640
5700 1334470.0 0.11229177 0.0 12.332341269841269 149850.0 9792
5800 1348618.0 0.11170695 0.0 12.323412698412696 150650.0 9965
5900 1362923.0 0.11115815 0.0 12.314484126984125 151500.0 10151
6000 1376406.0 0.11057784 0.0 12.308531746031743 152200.0 10318
6100 1393493.0 0.10976015 0.0 12.379960317460316 152950.0 10512
6200 1437098.0 0.10789104 0.0 12.59722222222222 155050.0 10699
6300 1493310.0 0.105905674 0.0 12.600198412698411 158150.0 10883
6400 1569688.0 0.103714876 0.0 12.546626984126982 162800.0 11089
6500 1637172.0 0.10234111 0.0 12.496031746031743 167550.0 11284
6600 1679784.0 0.100399815 0.0 12.490079365079364 168650.0 11454
6700 1725090.0 0.098603554 0.0 12.487103174603172 170100.0 11632
6800 1791941.0 0.09634804 0.0 12.638888888888888 172650.0 11798
6900 1827380.0 0.09519093 0.0 12.621031746031743 173950.0 11979
7000 1866613.0 0.09402056 0.0 12.600198412698411 175500.0 12154
7100 1932154.0 0.09261684 0.0 12.555555555555554 178950.0 12340
7200 1983603.0 0.09170182 0.0 12.53472222222222 181900.0 12530
7300 2008176.0 0.09127686 0.0 12.612103174603172 183300.0 12715
7400 2008176.0 0.09127686 0.0 12.629960317460316 183300.0 12884
7500 2012105.0 0.09117317 0.0 12.650793650793648 183450.0 13064
7600 2074750.0 0.090661526 0.0 12.615079365079364 188100.0 13220
7700 2074750.0 0.090661526 0.0 12.615079365079364 188100.0 13389
7800 2074750.0 0.090661526 0.0 12.615079365079364 188100.0 13557
7900 2074750.0 0.090661526 0.0 12.615079365079364 188100.0 13722
8000 2074750.0 0.090661526 0.0 12.632936507936506 188100.0 13910
8100 2081260.0 0.09045002 0.0 12.746031746031743 188250.0 14098
8200 2088994.0 0.09018695 0.0 12.879960317460316 188400.0 14277
8300 2097036.0 0.089936465 0.0 12.999007936507935 188600.0 14465
8400 2121591.0 0.08929619 0.0 12.987103174603172 189450.0 14620
8500 2137385.0 0.08901063 0.0 12.981150793650793 190250.0 14817
100 56.0 1.7857143 0.5 0.5436507936507936 100.0 179
200 3462.0 1.4875795 1.0 1.0456349206349205 5150.0 334
300 16444.0 1.4290926 1.0 1.2996031746031746 23500.0 410
400 40324.0 1.3242733 0.9330902 1.4890873015873016 53400.0 476
500 65509.0 1.2608955 0.74901104 1.744047619047619 82600.0 563
600 94260.0 1.1871419 0.60037005 1.9702380952380953 111900.0 636
700 129909.0 1.1134717 0.13459468 2.198412698412698 144650.0 718
800 165451.0 1.0637591 0.25766182 2.4751984126984126 176000.0 802
900 201248.0 1.0211282 0.6681405 2.7767857142857144 205500.0 906
1000 248729.0 0.9645035 0.059539802 2.923611111111111 239900.0 960
1100 301336.0 0.9140959 0.046886712 3.073412698412698 275450.0 1014
1200 347448.0 0.8792683 0.0058689415 3.420634920634921 305500.0 1130
1300 397885.0 0.84119785 3.0996278E-5 3.724206349206349 334700.0 1231
1400 452543.0 0.8056693 1.1511158E-5 4.033730158730158 364600.0 1337
1500 508610.0 0.77613497 4.882813E-4 4.346230158730158 394750.0 1435
1600 581044.0 0.7373796 5.364418E-7 4.627976190476191 428450.0 1536
1700 658162.0 0.7043859 1.2254715E-4 4.8561507936507935 463600.0 1617
1800 738878.0 0.67480695 3.1664968E-8 5.08234126984127 498600.0 1687
1900 835698.0 0.64455104 4.37069E-19 5.238095238095238 538650.0 1749
2000 914693.0 0.6239252 5.684385E-14 5.536706349206349 570700.0 1849
2100 1004061.0 0.60414654 0.0020751953 5.76984126984127 606600.0 1918
2200 1118198.0 0.5786095 0.25000048 5.986111111111111 647000.0 1996
2300 1221722.0 0.56076586 1.373291E-4 6.1567460317460325 685100.0 2079
2400 1303927.0 0.5468481 0.5 6.561507936507938 713050.0 2194
2500 1417726.0 0.5308501 1.2207031E-4 6.70138888888889 752600.0 2257
2600 1512395.0 0.51682925 4.7683716E-7 6.975198412698414 781650.0 2331
2700 1693835.0 0.49473533 0.015626907 6.971230158730158 838000.0 2362
2800 1813393.0 0.48075625 1.1920929E-7 7.193452380952381 871800.0 2451
2900 1943049.0 0.46923676 4.440893E-16 7.433531746031747 911750.0 2510
3000 2072959.0 0.4573173 0.0625 7.642857142857143 948000.0 2583
3100 2272722.0 0.439341 0.0 7.711309523809524 998500.0 2627
3200 2395463.0 0.43192068 1.5258789E-5 7.728174603174603 1034650.0 2708
3300 2507523.0 0.4221696 5.421011E-20 8.071428571428571 1058600.0 2816
3400 2636922.0 0.4130763 0.0 8.113095238095237 1089250.0 2878
3500 2825127.0 0.39952186 1.2671078E-29 8.174603174603174 1128700.0 2916
3600 3000974.0 0.39072314 5.684342E-14 8.12797619047619 1172550.0 2962
3700 3089054.0 0.38586247 2.4414062E-4 8.356150793650793 1191950.0 3071
3800 3218197.0 0.38137814 1.5258789E-5 8.439484126984127 1227350.0 3115
3900 3388197.0 0.37471256 3.0517578E-5 8.452380952380953 1269600.0 3165
4000 3463634.0 0.37125748 0.5000019 8.667658730158731 1285900.0 3292
4100 3591270.0 0.36466208 0.125 8.79861111111111 1309600.0 3398
4200 3681969.0 0.36143705 0.5000019 8.91170634920635 1330800.0 3528
4300 3698933.0 0.3608338 0.046905518 9.152777777777779 1334700.0 3692
4400 3749871.0 0.3601324 5.722047E-6 9.259920634920636 1350450.0 3814
4500 3765300.0 0.3597987 0.1315918 9.503968253968255 1354750.0 4005
4600 3810848.0 0.35763693 0.06253053 9.566468253968255 1362900.0 4135
4700 3838817.0 0.35635978 1.2970343E-4 9.700396825396826 1368000.0 4326
4800 3840501.0 0.35650298 0.734377 9.813492063492063 1369150.0 4478
4900 3842719.0 0.3565444 0.8666993 9.91468253968254 1370100.0 4655
5000 3884522.0 0.35566795 5.9829716E-8 9.935515873015873 1381600.0 4818
5100 3890572.0 0.35570604 0.96875 10.03968253968254 1383900.0 5015
5200 3891158.0 0.35588378 0.9980469 10.143849206349207 1384800.0 5193
5300 3891447.0 0.35597298 0.99975586 10.265873015873016 1385250.0 5376
5400 3970823.0 0.35244584 0.7520218 10.218253968253968 1399500.0 5507
5500 3971840.0 0.35273325 0.9990313 10.313492063492063 1401000.0 5695
5600 3972406.0 0.35290954 0.9999697 10.384920634920636 1401900.0 5862
5700 3972824.0 0.35303602 0.9999981 10.453373015873016 1402550.0 6019
5800 3973459.0 0.3532187 0.99999994 10.509920634920636 1403500.0 6190
5900 3973565.0 0.35324702 1.0 10.575396825396826 1403650.0 6378
6000 3973867.0 0.35330826 1.0 10.637896825396826 1404000.0 6546
6100 3974164.0 0.35336992 1.0 10.709325396825397 1404350.0 6741
6200 3974164.0 0.35336992 1.0 10.792658730158731 1404350.0 6937
100 56.0 1.7857143 0.5 0.5496031746031745 100.0 179
200 3761.0 1.5554373 1.0 1.0277777777777777 5850.0 331
300 17847.0 1.459629 1.0 1.2906746031746033 26050.0 403
400 44995.0 1.364596 0.99993896 1.4603174603174605 61400.0 453
500 76512.0 1.2952217 0.9843749 1.6319444444444442 99100.0 513
600 113315.0 1.2350527 0.71081537 1.7261904761904763 139950.0 553
700 150782.0 1.1808438 0.67664146 1.9503968253968256 178050.0 623
800 194365.0 1.1313765 0.2578816 2.078373015873016 219900.0 675
900 238624.0 1.0885326 0.008840799 2.3551587301587302 259750.0 758
1000 279972.0 1.0554627 0.50001913 2.515873015873016 295500.0 808
1100 332947.0 1.0123233 0.51660156 2.6339285714285716 337050.0 848
1200 393795.0 0.9700479 0.0032043755 2.8392857142857144 382000.0 922
1300 456687.0 0.9324767 0.5791018 3.017857142857143 425850.0 978
1400 522318.0 0.89763325 0.015629381 3.228174603174603 468850.0 1042
1500 600787.0 0.86478233 0.016849518 3.35218253968254 519550.0 1089
1600 667830.0 0.84070796 0.20706278 3.5545634920634925 561450.0 1166
1700 736877.0 0.81689346 0.007875517 3.775793650793651 601950.0 1242
1800 806773.0 0.7923542 7.6293945E-6 3.9980158730158726 639250.0 1308
1900 884927.0 0.76859444 1.2296368E-9 4.2023809523809526 680150.0 1370
2000 979760.0 0.7441108 6.866548E-5 4.309523809523809 729050.0 1419
2100 1085809.0 0.7185426 4.882831E-4 4.471230158730158 780200.0 1451
2200 1199528.0 0.6954819 1.1955854E-7 4.544642857142857 834250.0 1491
2300 1298214.0 0.68016523 0.5000019 4.715277777777778 883000.0 1546
2400 1407543.0 0.66314137 0.15625054 4.907738095238095 933400.0 1609
2500 1531090.0 0.64434487 0.0019532442 4.98015873015873 986550.0 1631
2600 1654273.0 0.62876564 1.776411E-15 4.98015873015873 1040150.0 1640
2700 1754575.0 0.61527723 0.0039367676 5.257936507936508 1079550.0 1719
2800 1899698.0 0.59922683 9.322334E-10 5.290674603174604 1138350.0 1726
2900 2031897.0 0.5860779 3.814698E-6 5.2728174603174605 1190850.0 1734
3000 2158923.0 0.5737583 0.007820129 5.377976190476191 1238700.0 1774
3100 2309993.0 0.5602614 0.008331299 5.463293650793651 1294200.0 1806
3200 2450643.0 0.54879475 4.440892E-16 5.614087301587301 1344900.0 1845
3300 2584245.0 0.5383197 0.03126526 5.7688492063492065 1391150.0 1891
3400 2742949.0 0.5287922 2.220446E-16 5.705357142857143 1450450.0 1882
3500 2897435.0 0.5190798 0.125 5.665674603174604 1504000.0 1884
3600 3044220.0 0.5093423 0.0019531846 5.760912698412699 1550550.0 1906
3700 3178298.0 0.50319386 3.8146973E-6 5.836309523809524 1599300.0 1937
3800 3360565.0 0.49408358 0.06250006 5.711309523809524 1660400.0 1913
3900 3479313.0 0.48848724 0.003907211 5.783730158730158 1699600.0 1967
4000 3606793.0 0.48275572 0.06323242 5.950396825396825 1741200.0 2024
4100 3785022.0 0.47480568 0.125 5.875 1797150.0 2046
4200 3985061.0 0.46571434 2.2226147E-16 5.898809523809524 1855900.0 2076
4300 4127503.0 0.46022984 0.0019836426 6.08234126984127 1899600.0 2118
4400 4250337.0 0.45521095 0.008789077 6.112103174603176 1934800.0 2163
4500 4373780.0 0.4505599 2.4463236E-4 6.375 1970650.0 2249
4600 4566049.0 0.44358918 0.50097656 6.36111111111111 2025450.0 2250
4700 4710992.0 0.4396314 0.37500048 6.570436507936509 2071100.0 2327
4800 4850620.0 0.4351712 9.53686E-6 6.651785714285714 2110850.0 2369
4900 5032352.0 0.4308224 1.5258935E-5 6.678571428571429 2168050.0 2398
5000 5131883.0 0.42905304 0.09375095 6.944444444444444 2201850.0 2495
5100 5269360.0 0.4241976 3.7252903E-9 7.07638888888889 2235250.0 2581
5200 5398483.0 0.42040515 1.4238719E-14 7.2688492063492065 2269550.0 2657
5300 5685253.0 0.41232115 1.3410635E-29 7.205357142857143 2344150.0 2645
5400 5889951.0 0.4072275 0.00390625 7.07936507936508 2398550.0 2653
5500 6032673.0 0.40340328 3.783498E-9 7.2648809523809526 2433600.0 2733
5600 6167696.0 0.4002224 0.0078315735 7.429563492063492 2468450.0 2797
5700 6456908.0 0.39289704 0.5000038 7.184523809523809 2536900.0 2757
5800 6621316.0 0.38994515 1.7347235E-18 7.240079365079365 2581950.0 2809
5900 6772514.0 0.3870424 0.005859971 7.4563492063492065 2621250.0 2883
6000 6996706.0 0.38223702 5.187988E-4 7.502976190476191 2674400.0 2884
6100 7162044.0 0.3797659 7.629402E-6 7.494047619047619 2719900.0 2953
6200 7285728.0 0.37798557 0.06250001 7.575396825396826 2753900.0 3048
6300 7401736.0 0.3760064 0.0014648456 7.733134920634921 2783100.0 3151
6400 7513180.0 0.37450188 7.729176E-21 7.968253968253968 2813700.0 3279
6500 7651164.0 0.37285176 2.3841864E-7 8.130952380952381 2852750.0 3372
6600 7828194.0 0.36977237 6.2942505E-5 8.145833333333334 2894650.0 3433
6700 7909224.0 0.36858863 1.2207031E-4 8.282738095238095 2915250.0 3554
6800 8007160.0 0.36722133 9.775165E-4 8.415674603174603 2940400.0 3651
6900 8150938.0 0.36502546 2.9802322E-8 8.432539682539684 2975300.0 3730
100 1372.0 1.3119533 0.9999962 0.23611111111111113 1800.0 82
200 5536.0 0.90317917 1.8626443E-9 0.1488095238095238 5000.0 50
300 5536.0 0.90317917 1.8626443E-9 0.1488095238095238 5000.0 50
400 5536.0 0.90317917 1.8626443E-9 0.1488095238095238 5000.0 50
500 5536.0 0.90317917 1.8626443E-9 0.1488095238095238 5000.0 50
600 5536.0 0.90317917 1.8626443E-9 0.16071428571428573 5000.0 50
700 11934.0 0.92173624 1.8189885E-12 0.125 11000.0 40
800 21110.0 0.86215067 4.44089E-16 0.10119047619047619 18200.0 28
900 30213.0 0.8208387 2.1684033E-19 0.0625 24800.0 17
1000 38665.0 0.78106815 4.2351627E-22 0.02976190476190476 30200.0 8
1100 44859.0 0.753472 6.6174417E-24 0.011904761904761904 33800.0 2
100 1381.0 1.3034034 0.9999962 0.24007936507936506 1800.0 82
200 5552.0 0.90057635 9.313217E-10 0.1488095238095238 5000.0 50
300 5552.0 0.90057635 9.313217E-10 0.1488095238095238 5000.0 50
400 6740.0 1.0089021 0.875 0.15773809523809523 6800.0 47
500 11421.0 1.1732773 0.99993896 0.1130952380952381 13400.0 36
600 15727.0 1.1572455 0.99999976 0.08333333333333333 18200.0 28
700 20359.0 1.1002505 0.007812498 0.06845238095238096 22400.0 21
800 26252.0 1.0361116 3.051757E-5 0.05357142857142857 27200.0 13
100 1372.0 1.3119533 0.9999962 0.24206349206349204 1800.0 82
200 5519.0 0.9059612 9.313217E-10 0.1488095238095238 5000.0 50
300 5519.0 0.9059612 9.313217E-10 0.1488095238095238 5000.0 50
400 13318.0 1.3215197 0.9999995 0.11904761904761904 17600.0 29
100 1371.0 1.3129103 0.9999962 0.2400793650793651 1800.0 82
200 5531.0 0.90399563 1.8626443E-9 0.18154761904761904 5000.0 50
300 15468.0 1.2283424 1.0 0.05952380952380952 19000.0 10
100 1392.0 1.2931035 0.9999962 0.2400793650793651 1800.0 182
200 8003.0 0.7872048 5.684331E-14 0.22321428571428573 6300.0 137
300 14864.0 0.70640475 0.0630037 0.2509920634920635 10500.0 110
400 26039.0 0.58758014 1.2208523E-4 0.22123015873015872 15300.0 77
500 38931.0 0.49960187 2.2740146E-13 0.1488095238095238 19450.0 48
600 50240.0 0.47870222 1.0843347E-19 0.10317460317460317 24050.0 27
100 1393.0 1.2921752 0.9999962 0.23611111111111113 1800.0 182
200 8190.0 0.7814408 2.8421655E-14 0.25 6400.0 136
300 17848.0 0.58269835 2.5849345E-26 0.2132936507936508 10400.0 96
400 22812.0 0.5282307 1.2207031E-4 0.22321428571428573 12050.0 82
500 25383.0 0.5082142 1.9073486E-6 0.2013888888888889 12900.0 76
600 26448.0 0.5142166 4.7683716E-7 0.19642857142857142 13600.0 74
700 32351.0 0.44820872 9.313226E-10 0.19047619047619047 14500.0 65
800 39754.0 0.4024752 9.094947E-13 0.15674603174603174 16000.0 55
900 43072.0 0.38656205 5.684342E-14 0.14682539682539683 16650.0 51
1000 45892.0 0.38568813 7.1054274E-15 0.1388888888888889 17700.0 48
1100 50046.0 0.3716581 4.440892E-16 0.125 18600.0 44
1200 51205.0 0.37008104 2.220446E-16 0.12202380952380952 18950.0 43
1300 51205.0 0.37008104 2.220446E-16 0.12996031746031744 18950.0 43
1400 55166.0 0.3489468 2.7755576E-17 0.1259920634920635 19250.0 40
1500 69594.0 0.3161192 2.7105054E-20 0.09226190476190477 22000.0 30
1600 80394.0 0.3041272 2.1175824E-22 0.06845238095238096 24450.0 23
1700 88763.0 0.29516804 6.617445E-24 0.05952380952380952 26200.0 18
1800 97454.0 0.28680196 2.0679515E-25 0.044642857142857144 27950.0 13
1900 108464.0 0.27705044 3.2311743E-27 0.03273809523809524 30050.0 7
100 1392.0 1.2931035 0.9999962 0.2400793650793651 1800.0 182
200 8003.0 0.7872048 5.684331E-14 0.22321428571428573 6300.0 137
300 14864.0 0.70640475 0.0630037 0.2509920634920635 10500.0 110
400 26039.0 0.58758014 1.2208523E-4 0.22123015873015872 15300.0 77
500 38931.0 0.49960187 2.2740146E-13 0.1488095238095238 19450.0 48
600 50240.0 0.47870222 1.0843347E-19 0.10317460317460317 24050.0 27
100 1392.0 1.2931035 0.9999962 0.2400793650793651 1800.0 182
200 8003.0 0.7872048 5.684331E-14 0.22321428571428573 6300.0 137
300 14864.0 0.70640475 0.0630037 0.2509920634920635 10500.0 110
400 26039.0 0.58758014 1.2208523E-4 0.22123015873015872 15300.0 77
100 1378.0 1.3062409 0.9999962 0.2261904761904762 1800.0 182
200 7688.0 0.79344434 2.2737324E-13 0.22916666666666666 6100.0 139
300 10706.0 0.7145526 0.015625 0.23511904761904762 7650.0 126
400 12162.0 0.6618977 9.765625E-4 0.24305555555555558 8050.0 122
500 17465.0 0.52963066 2.3841858E-7 0.20734126984126985 9250.0 110
600 24567.0 0.42943788 2.910383E-11 0.18551587301587302 10550.0 97
700 29664.0 0.38261867 1.1368684E-13 0.17757936507936506 11350.0 89
800 35536.0 0.35597703 4.440892E-16 0.2113095238095238 12650.0 81
900 41521.0 0.32152405 3.469447E-18 0.20535714285714285 13350.0 74
1000 47103.0 0.29615948 5.421011E-20 0.18551587301587302 13950.0 68
1100 52271.0 0.27644393 1.6940659E-21 0.1746031746031746 14450.0 63
1200 53383.0 0.27724183 8.4703295E-22 0.16865079365079363 14800.0 62
1300 57174.0 0.2772239 1.0587912E-22 0.1597222222222222 15850.0 59
1400 59899.0 0.27212474 2.646978E-23 0.15773809523809523 16300.0 57
100 1477.0 1.2863914 0.9999981 0.2331349206349206 1900.0 181
100 1287.0 1.3209013 0.9999924 0.2242063492063492 1700.0 183
200 7313.0 0.8272939 0.5 0.2281746031746032 6050.0 142
300 15353.0 0.73275584 0.25055316 0.23908730158730157 11250.0 110
400 27071.0 0.6150493 2.3847824E-6 0.23015873015873015 16650.0 76
500 39769.0 0.54187936 4.4420034E-15 0.14484126984126983 21550.0 47
600 51092.0 0.4971424 2.1181123E-21 0.09722222222222221 25400.0 26
100 1392.0 1.2931035 0.9999962 0.2400793650793651 1800.0 182
100 1287.0 1.3209013 0.9999924 0.2242063492063492 1700.0 183
200 7313.0 0.8272939 0.5 0.2281746031746032 6050.0 142
300 15353.0 0.73275584 0.25055316 0.23908730158730157 11250.0 110
400 27071.0 0.6150493 2.3847824E-6 0.23015873015873015 16650.0 76
500 39769.0 0.54187936 4.4420034E-15 0.14484126984126983 21550.0 47
600 51092.0 0.4971424 2.1181123E-21 0.09722222222222221 25400.0 26
100 1477.0 1.2863914 0.9999981 0.2331349206349206 1900.0 181
200 7817.0 0.79314315 1.1368662E-13 0.22718253968253968 6200.0 138
300 14455.0 0.78865445 0.2740046 0.24305555555555558 11400.0 111
400 25478.0 0.6319177 2.1532817E-6 0.2132936507936508 16100.0 79
500 38429.0 0.52694577 4.0107997E-15 0.16468253968253968 20250.0 50
600 52912.0 0.49043694 2.9882786E-23 0.0873015873015873 25950.0 23
100 1392.0 1.2931035 0.9999962 0.2400793650793651 1800.0 182
200 8003.0 0.7872048 5.684331E-14 0.22321428571428573 6300.0 137
300 14864.0 0.70640475 0.0630037 0.2509920634920635 10500.0 110
400 26039.0 0.58758014 1.2208523E-4 0.22123015873015872 15300.0 77
500 38931.0 0.49960187 2.2740146E-13 0.1488095238095238 19450.0 48
600 50240.0 0.47870222 1.0843347E-19 0.10317460317460317 24050.0 27
100 1378.0 1.3062409 0.9999962 0.2261904761904762 1800.0 182
200 7688.0 0.79344434 2.2737324E-13 0.22916666666666666 6100.0 139
300 10706.0 0.7145526 0.015625 0.23511904761904762 7650.0 126
400 12162.0 0.6618977 9.765625E-4 0.24305555555555558 8050.0 122
500 17465.0 0.52963066 2.3841858E-7 0.20734126984126985 9250.0 110
600 24567.0 0.42943788 2.910383E-11 0.18551587301587302 10550.0 97
700 29664.0 0.38261867 1.1368684E-13 0.17757936507936506 11350.0 89
800 35536.0 0.35597703 4.440892E-16 0.2113095238095238 12650.0 81
900 41521.0 0.32152405 3.469447E-18 0.20535714285714285 13350.0 74
1000 47103.0 0.29615948 5.421011E-20 0.18551587301587302 13950.0 68
1100 52271.0 0.27644393 1.6940659E-21 0.1746031746031746 14450.0 63
1200 53383.0 0.27724183 8.4703295E-22 0.16865079365079363 14800.0 62
1300 57174.0 0.2772239 1.0587912E-22 0.1597222222222222 15850.0 59
1400 59899.0 0.27212474 2.646978E-23 0.15773809523809523 16300.0 57
1500 64223.0 0.26236707 3.3087225E-24 0.14781746031746032 16850.0 54
1600 68913.0 0.25249228 4.135903E-25 0.14087301587301587 17400.0 51
1700 68913.0 0.25249228 4.135903E-25 0.14484126984126983 17400.0 51
1800 74149.0 0.23870854 5.1698788E-26 0.14285714285714285 17700.0 48
1900 81496.0 0.22516443 3.2311743E-27 0.12896825396825398 18350.0 44
2000 85372.0 0.22314107 8.0779357E-28 0.12003968253968254 19050.0 42
2100 89515.0 0.22063342 2.0194839E-28 0.1140873015873016 19750.0 40
2200 91645.0 0.21659665 1.00974196E-28 0.11607142857142858 19850.0 39
2300 98397.0 0.20986412 1.26217745E-29 0.10416666666666667 20650.0 36
2400 103115.0 0.20705038 3.1554436E-30 0.09821428571428571 21350.0 34
2500 107994.0 0.20186307 7.888609E-31 0.09623015873015874 21800.0 32
2600 115664.0 0.19755499 9.8607613E-32 0.08432539682539682 22850.0 29
2700 118312.0 0.1960917 4.9303807E-32 0.08432539682539682 23200.0 28
2800 129329.0 0.19021256 3.081488E-33 0.07242063492063491 24600.0 24
2900 135009.0 0.18554318 7.70372E-34 0.06448412698412699 25050.0 22
3000 143857.0 0.17969233 9.62965E-35 0.07142857142857142 25850.0 19
3100 186403.0 0.16496515 5.877472E-39 0.023809523809523808 30750.0 5
100 1477.0 1.2863914 0.9999981 0.2331349206349206 1900.0 181
200 7817.0 0.79314315 1.1368662E-13 0.22718253968253968 6200.0 138
300 14455.0 0.78865445 0.2740046 0.24305555555555558 11400.0 111
400 25478.0 0.6319177 2.1532817E-6 0.2132936507936508 16100.0 79
500 38429.0 0.52694577 4.0107997E-15 0.16468253968253968 20250.0 50
600 52912.0 0.49043694 2.9882786E-23 0.0873015873015873 25950.0 23
100 1392.0 1.2931035 0.9999962 0.2400793650793651 1800.0 182
200 8003.0 0.7872048 5.684331E-14 0.22321428571428573 6300.0 137
300 14864.0 0.70640475 0.0630037 0.2509920634920635 10500.0 110
400 26039.0 0.58758014 1.2208523E-4 0.22123015873015872 15300.0 77
500 38931.0 0.49960187 2.2740146E-13 0.1488095238095238 19450.0 48
600 50240.0 0.47870222 1.0843347E-19 0.10317460317460317 24050.0 27
